#	A	C	D	E	F	G	H	I	K	L	M	N	P	Q	R	S	T	V	W	Y
sp|G4STG9|PFP_META2	0.11246943765281174	0.017114914425427872	0.06845965770171149	0.06601466992665037	0.034229828850855744	0.09290953545232274	0.017114914425427872	0.07090464547677261	0.06356968215158924	0.07823960880195599	0.022004889975550123	0.039119804400977995	0.039119804400977995	0.034229828850855744	0.0488997555012225	0.044009779951100246	0.034229828850855744	0.08068459657701711	0.012224938875305624	0.02444987775061125
sp|Q9WYC5|PFP_THEMA	0.06682577565632458	0.007159904534606206	0.05489260143198091	0.09307875894988067	0.026252983293556086	0.09069212410501193	0.021479713603818614	0.081145584725537	0.07637231503579953	0.0883054892601432	0.028639618138424822	0.02386634844868735	0.0477326968973747	0.00477326968973747	0.06682577565632458	0.03818615751789976	0.06205250596658711	0.0883054892601432	0.00477326968973747	0.028639618138424822
sp|P00438|PHHY_PSEFL	0.09137055837563451	0.012690355329949238	0.048223350253807105	0.08629441624365482	0.030456852791878174	0.08629441624365482	0.02284263959390863	0.04568527918781726	0.030456852791878174	0.116751269035533	0.015228426395939087	0.01015228426395939	0.04314720812182741	0.03807106598984772	0.09644670050761421	0.048223350253807105	0.050761421319796954	0.07106598984771574	0.015228426395939087	0.04060913705583756
sp|P19624|PDXA_ECOLI	0.11246200607902736	0.0121580547112462	0.0425531914893617	0.0547112462006079	0.02735562310030395	0.0911854103343465	0.03343465045592705	0.057750759878419454	0.030395136778115502	0.13069908814589665	0.0243161094224924	0.0364741641337386	0.06990881458966565	0.0364741641337386	0.04559270516717325	0.015197568389057751	0.0790273556231003	0.08206686930091185	0.00303951367781155	0.015197568389057751
sp|P0ABF1|PCNB_ECOLI	0.08387096774193549	0.008602150537634409	0.05161290322580645	0.07741935483870968	0.04516129032258064	0.053763440860215055	0.017204301075268817	0.043010752688172046	0.047311827956989246	0.1053763440860215	0.02795698924731183	0.03870967741935484	0.053763440860215055	0.03870967741935484	0.11612903225806452	0.03655913978494624	0.05591397849462366	0.05591397849462366	0.012903225806451613	0.030107526881720432
sp|Q9KJY8|PCS_RHIME	0.08713692946058091	0.0	0.03319502074688797	0.029045643153526972	0.08713692946058091	0.07053941908713693	0.016597510373443983	0.06639004149377593	0.024896265560165973	0.12033195020746888	0.029045643153526972	0.024896265560165973	0.04979253112033195	0.016597510373443983	0.03734439834024896	0.05394190871369295	0.03734439834024896	0.14107883817427386	0.029045643153526972	0.04564315352697095
sp|Q92SA6|PK21A_RHIME	0.08333333333333333	0.0033333333333333335	0.08	0.09	0.05	0.07	0.023333333333333334	0.056666666666666664	0.07	0.06666666666666667	0.03333333333333333	0.023333333333333334	0.05	0.02666666666666667	0.09	0.03	0.05	0.04666666666666667	0.02666666666666667	0.03
sp|P0A7A7|PLSB_ECOLI	0.08302354399008674	0.006195786864931847	0.04708798017348203	0.06071871127633209	0.03345724907063197	0.055762081784386616	0.02973977695167286	0.055762081784386616	0.03469640644361834	0.1288723667905824	0.03345724907063197	0.04337050805452292	0.057001239157372985	0.03593556381660471	0.07806691449814127	0.058240396530359353	0.05080545229244114	0.05947955390334572	0.009913258983890954	0.03841387856257745
sp|P69924|RIR2_ECOLI	0.05851063829787234	0.013297872340425532	0.06648936170212766	0.0851063829787234	0.04521276595744681	0.034574468085106384	0.02127659574468085	0.07446808510638298	0.0425531914893617	0.09840425531914894	0.023936170212765957	0.04521276595744681	0.034574468085106384	0.061170212765957445	0.04521276595744681	0.06914893617021277	0.05319148936170213	0.06648936170212766	0.018617021276595744	0.0425531914893617
sp|P0A9T0|SERA_ECOLI	0.10975609756097561	0.00975609756097561	0.046341463414634146	0.06585365853658537	0.03170731707317073	0.08292682926829269	0.03170731707317073	0.06829268292682927	0.05609756097560976	0.11951219512195121	0.02195121951219512	0.05121951219512195	0.041463414634146344	0.03170731707317073	0.036585365853658534	0.05853658536585366	0.04390243902439024	0.06829268292682927	0.0024390243902439024	0.02195121951219512
sp|P0A832|SSRP_ECOLI	0.10625	0.0125	0.04375	0.06875	0.025	0.0625	0.03125	0.04375	0.1125	0.0875	0.01875	0.04375	0.01875	0.025	0.08125	0.05	0.04375	0.06875	0.025	0.03125
sp|P0A8F8|UVRB_ECOLI	0.07429420505200594	0.0014858841010401188	0.05943536404160475	0.09955423476968796	0.03417533432392273	0.06240713224368499	0.01634472511144131	0.06240713224368499	0.04606240713224369	0.1099554234769688	0.029717682020802376	0.031203566121842496	0.05052005943536404	0.0475482912332838	0.07726597325408618	0.04457652303120357	0.05052005943536404	0.06835066864784546	0.0	0.03417533432392273
sp|P0A698|UVRA_ECOLI	0.07234042553191489	0.014893617021276596	0.0574468085106383	0.07553191489361702	0.03297872340425532	0.08617021276595745	0.026595744680851064	0.059574468085106386	0.05106382978723404	0.10212765957446808	0.019148936170212766	0.035106382978723406	0.05	0.03297872340425532	0.07021276595744681	0.05638297872340425	0.05638297872340425	0.07127659574468086	0.0031914893617021275	0.026595744680851064
sp|P38051|MENF_ECOLI	0.10672853828306264	0.013921113689095127	0.058004640371229696	0.058004640371229696	0.03480278422273782	0.05104408352668213	0.025522041763341066	0.04176334106728538	0.03248259860788863	0.13225058004640372	0.016241299303944315	0.03480278422273782	0.04640371229698376	0.07424593967517401	0.07888631090487239	0.05104408352668213	0.058004640371229696	0.04408352668213457	0.025522041763341066	0.016241299303944315
sp|P16384|MIAA_ECOLI	0.12658227848101267	0.006329113924050633	0.05379746835443038	0.0759493670886076	0.028481012658227847	0.06329113924050633	0.02531645569620253	0.060126582278481014	0.03164556962025317	0.11708860759493671	0.02531645569620253	0.006329113924050633	0.05379746835443038	0.056962025316455694	0.0759493670886076	0.06329113924050633	0.0379746835443038	0.05063291139240506	0.015822784810126583	0.02531645569620253
sp|P46022|MTGA_ECOLI	0.10330578512396695	0.0	0.028925619834710745	0.049586776859504134	0.06198347107438017	0.07024793388429752	0.024793388429752067	0.04132231404958678	0.04132231404958678	0.09917355371900827	0.028925619834710745	0.028925619834710745	0.0371900826446281	0.049586776859504134	0.0743801652892562	0.08264462809917356	0.028925619834710745	0.09090909090909091	0.0371900826446281	0.02066115702479339
sp|P22983|PPDK_CLOSY	0.09610983981693363	0.014874141876430207	0.05606407322654462	0.09954233409610984	0.04576659038901602	0.08581235697940504	0.018306636155606407	0.05377574370709382	0.07093821510297482	0.06750572082379863	0.04462242562929062	0.032036613272311214	0.041189931350114416	0.032036613272311214	0.04462242562929062	0.03775743707093822	0.059496567505720827	0.06750572082379863	0.005720823798627002	0.02631578947368421
sp|P33599|NUOCD_ECOLI	0.06543624161073826	0.006711409395973154	0.06375838926174497	0.06711409395973154	0.053691275167785234	0.07046979865771812	0.031879194630872486	0.053691275167785234	0.040268456375838924	0.09563758389261745	0.03523489932885906	0.030201342281879196	0.06208053691275168	0.031879194630872486	0.07214765100671142	0.04194630872483222	0.06208053691275168	0.06208053691275168	0.020134228187919462	0.03355704697986577
sp|P9WIL7|PANB_MYCTU	0.1601423487544484	0.0071174377224199285	0.0498220640569395	0.0498220640569395	0.03558718861209965	0.12099644128113879	0.02491103202846975	0.05338078291814947	0.028469750889679714	0.060498220640569395	0.02491103202846975	0.014234875444839857	0.0498220640569395	0.03914590747330961	0.0498220640569395	0.03202846975088968	0.06761565836298933	0.09252669039145907	0.010676156583629894	0.028469750889679714
sp|P09546|PUTA_ECOLI	0.12575757575757576	0.009848484848484848	0.0446969696969697	0.06818181818181818	0.02196969696969697	0.07348484848484849	0.01818181818181818	0.05227272727272727	0.030303030303030304	0.11818181818181818	0.020454545454545454	0.037121212121212124	0.05378787878787879	0.055303030303030305	0.0659090909090909	0.05303030303030303	0.05	0.06287878787878788	0.00909090909090909	0.029545454545454545
sp|P37449|PDUB_SALTY	0.13703703703703704	0.007407407407407408	0.044444444444444446	0.07037037037037037	0.014814814814814815	0.1037037037037037	0.014814814814814815	0.07777777777777778	0.040740740740740744	0.07407407407407407	0.022222222222222223	0.02962962962962963	0.040740740740740744	0.02962962962962963	0.04814814814814815	0.07407407407407407	0.06296296296296296	0.08518518518518518	0.0	0.022222222222222223
sp|O31678|QUEF_BACSU	0.01818181818181818	0.01818181818181818	0.06666666666666667	0.08484848484848485	0.06060606060606061	0.06060606060606061	0.024242424242424242	0.06060606060606061	0.06666666666666667	0.07272727272727272	0.048484848484848485	0.06666666666666667	0.06666666666666667	0.012121212121212121	0.04242424242424243	0.048484848484848485	0.06666666666666667	0.03636363636363636	0.006060606060606061	0.07272727272727272
sp|P83310|RDPA_DELAC	0.07457627118644068	0.010169491525423728	0.06440677966101695	0.05423728813559322	0.04406779661016949	0.0711864406779661	0.03389830508474576	0.04067796610169491	0.023728813559322035	0.07457627118644068	0.02711864406779661	0.02711864406779661	0.0576271186440678	0.04406779661016949	0.07796610169491526	0.05084745762711865	0.07796610169491526	0.09491525423728814	0.01694915254237288	0.03389830508474576
sp|P0A7G2|RBFA_ECOLI	0.07518796992481203	0.0	0.07518796992481203	0.09022556390977443	0.03759398496240601	0.05263157894736842	0.007518796992481203	0.045112781954887216	0.07518796992481203	0.09022556390977443	0.06015037593984962	0.03007518796992481	0.03007518796992481	0.03759398496240601	0.08270676691729323	0.06015037593984962	0.03759398496240601	0.09022556390977443	0.0	0.022556390977443608
sp|Q9RKY0|RBPA_STRCO	0.10483870967741936	0.024193548387096774	0.04838709677419355	0.14516129032258066	0.016129032258064516	0.056451612903225805	0.024193548387096774	0.024193548387096774	0.04838709677419355	0.08064516129032258	0.04032258064516129	0.008064516129032258	0.056451612903225805	0.016129032258064516	0.11290322580645161	0.04838709677419355	0.04032258064516129	0.07258064516129033	0.016129032258064516	0.016129032258064516
sp|P46849|RTCA_ECOLI	0.10650887573964497	0.008875739644970414	0.023668639053254437	0.07100591715976332	0.038461538461538464	0.10650887573964497	0.023668639053254437	0.05029585798816568	0.020710059171597635	0.10946745562130178	0.014792899408284023	0.023668639053254437	0.05029585798816568	0.04142011834319527	0.07100591715976332	0.0621301775147929	0.0650887573964497	0.09763313609467456	0.0029585798816568047	0.011834319526627219
sp|P0A8L1|SYS_ECOLI	0.08139534883720931	0.011627906976744186	0.06744186046511629	0.09069767441860466	0.027906976744186046	0.06976744186046512	0.023255813953488372	0.04186046511627907	0.04883720930232558	0.10697674418604651	0.03255813953488372	0.03953488372093023	0.044186046511627906	0.03953488372093023	0.07674418604651163	0.04186046511627907	0.05116279069767442	0.06976744186046512	0.0069767441860465115	0.027906976744186046
sp|Q8ZL58|TAGAD_SALTY	0.11557788944723618	0.007537688442211055	0.06030150753768844	0.0678391959798995	0.035175879396984924	0.08040201005025126	0.02763819095477387	0.06281407035175879	0.04773869346733668	0.11055276381909548	0.02512562814070352	0.032663316582914576	0.04773869346733668	0.03768844221105527	0.06281407035175879	0.04773869346733668	0.04522613065326633	0.04522613065326633	0.022613065326633167	0.017587939698492462
sp|P00959|SYM_ECOLI	0.08714918759231906	0.011816838995568686	0.06646971935007386	0.06499261447562776	0.05465288035450517	0.06794682422451995	0.023633677991137372	0.053175775480059084	0.059084194977843424	0.08419497784342689	0.0310192023633678	0.04283604135893648	0.047267355982274745	0.0413589364844904	0.04874446085672083	0.060561299852289516	0.0413589364844904	0.0620384047267356	0.01624815361890694	0.03545051698670606
sp|P13485|TAGF_BACSU	0.036193029490616625	0.005361930294906166	0.049597855227882036	0.08579088471849866	0.06032171581769437	0.04155495978552279	0.014745308310991957	0.06702412868632708	0.10455764075067024	0.09115281501340483	0.028150134048257374	0.05361930294906166	0.04423592493297587	0.02680965147453083	0.054959785522788206	0.06300268096514745	0.05361930294906166	0.049597855227882036	0.00938337801608579	0.06032171581769437
sp|P39185|NAPA_CUPNH	0.09987966305655836	0.012033694344163659	0.05776173285198556	0.05174488567990373	0.05054151624548736	0.07460890493381468	0.021660649819494584	0.030084235860409144	0.07220216606498195	0.06859205776173286	0.02888086642599278	0.048134777376654635	0.06016847172081829	0.027677496991576414	0.06016847172081829	0.03850782190132371	0.05535499398315283	0.08062575210589651	0.02286401925391095	0.03850782190132371
sp|P38489|NFSB_ECOLI	0.12442396313364056	0.004608294930875576	0.07834101382488479	0.059907834101382486	0.05069124423963134	0.05069124423963134	0.03225806451612903	0.03225806451612903	0.08294930875576037	0.08755760368663594	0.02304147465437788	0.03686635944700461	0.03686635944700461	0.03225806451612903	0.03225806451612903	0.059907834101382486	0.05069124423963134	0.09216589861751152	0.013824884792626729	0.018433179723502304
sp|P0AG16|PUR1_ECOLI	0.09306930693069307	0.013861386138613862	0.07128712871287128	0.06732673267326733	0.04356435643564356	0.06930693069306931	0.019801980198019802	0.08316831683168317	0.033663366336633666	0.07524752475247524	0.023762376237623763	0.061386138613861385	0.03762376237623762	0.03762376237623762	0.07722772277227723	0.04554455445544554	0.039603960396039604	0.07128712871287128	0.0019801980198019802	0.033663366336633666
sp|P0AEV1|RSSB_ECOLI	0.09495548961424333	0.017804154302670624	0.05341246290801187	0.05341246290801187	0.026706231454005934	0.06824925816023739	0.020771513353115726	0.03560830860534125	0.026706231454005934	0.17804154302670624	0.026706231454005934	0.05637982195845697	0.04154302670623145	0.06528189910979229	0.05934718100890208	0.03857566765578635	0.032640949554896145	0.07418397626112759	0.011869436201780416	0.017804154302670624
sp|P46850|RTCB_ECOLI	0.10049019607843138	0.0196078431372549	0.04656862745098039	0.07352941176470588	0.029411764705882353	0.07598039215686274	0.02696078431372549	0.06372549019607843	0.056372549019607844	0.07107843137254902	0.03676470588235294	0.041666666666666664	0.03676470588235294	0.04656862745098039	0.04656862745098039	0.041666666666666664	0.0661764705882353	0.07352941176470588	0.014705882352941176	0.031862745098039214
sp|Q7AKG8|RSRA_STRCO	0.05714285714285714	0.06666666666666667	0.09523809523809523	0.11428571428571428	0.02857142857142857	0.05714285714285714	0.047619047619047616	0.01904761904761905	0.06666666666666667	0.08571428571428572	0.02857142857142857	0.0	0.06666666666666667	0.0380952380952381	0.0380952380952381	0.09523809523809523	0.009523809523809525	0.06666666666666667	0.0	0.01904761904761905
sp|P39406|RSMC_ECOLI	0.10204081632653061	0.011661807580174927	0.0728862973760933	0.043731778425655975	0.05830903790087463	0.07580174927113703	0.026239067055393587	0.029154518950437316	0.037900874635568516	0.10495626822157435	0.02040816326530612	0.029154518950437316	0.043731778425655975	0.043731778425655975	0.0641399416909621	0.06997084548104957	0.052478134110787174	0.08454810495626822	0.008746355685131196	0.02040816326530612
sp|P0A6U5|RSMG_ECOLI	0.05314009661835749	0.004830917874396135	0.04830917874396135	0.07729468599033816	0.033816425120772944	0.057971014492753624	0.03864734299516908	0.057971014492753624	0.05314009661835749	0.13526570048309178	0.024154589371980676	0.043478260869565216	0.06763285024154589	0.04830917874396135	0.05314009661835749	0.057971014492753624	0.01932367149758454	0.09178743961352658	0.00966183574879227	0.024154589371980676
sp|P06992|RSMA_ECOLI	0.08791208791208792	0.007326007326007326	0.040293040293040296	0.047619047619047616	0.047619047619047616	0.054945054945054944	0.02564102564102564	0.047619047619047616	0.03296703296703297	0.0989010989010989	0.04395604395604396	0.06227106227106227	0.07326007326007326	0.05860805860805861	0.05860805860805861	0.047619047619047616	0.047619047619047616	0.08791208791208792	0.0	0.029304029304029304
sp|P0A836|SUCC_ECOLI	0.1211340206185567	0.01288659793814433	0.05412371134020619	0.07216494845360824	0.028350515463917526	0.11082474226804123	0.01288659793814433	0.059278350515463915	0.061855670103092786	0.0979381443298969	0.020618556701030927	0.041237113402061855	0.03608247422680412	0.04381443298969072	0.04381443298969072	0.020618556701030927	0.03865979381443299	0.0979381443298969	0.007731958762886598	0.01804123711340206
sp|P0A7F6|SPED_ECOLI	0.05303030303030303	0.022727272727272728	0.07196969696969698	0.08333333333333333	0.03409090909090909	0.041666666666666664	0.045454545454545456	0.09090909090909091	0.06060606060606061	0.08712121212121213	0.03409090909090909	0.04924242424242424	0.041666666666666664	0.022727272727272728	0.03787878787878788	0.05303030303030303	0.06060606060606061	0.05303030303030303	0.003787878787878788	0.05303030303030303
sp|P0AG55|RL6_ECOLI	0.11299435028248588	0.005649717514124294	0.05084745762711865	0.04519774011299435	0.01694915254237288	0.10734463276836158	0.01694915254237288	0.04519774011299435	0.0903954802259887	0.06779661016949153	0.011299435028248588	0.03954802259887006	0.04519774011299435	0.03954802259887006	0.05649717514124294	0.022598870056497175	0.06779661016949153	0.12429378531073447	0.005649717514124294	0.02824858757062147
sp|P55135|RLMD_ECOLI	0.09237875288683603	0.016166281755196306	0.050808314087759814	0.05542725173210162	0.03233256351039261	0.06466512702078522	0.025404157043879907	0.03233256351039261	0.046189376443418015	0.11547344110854503	0.02771362586605081	0.03233256351039261	0.050808314087759814	0.06235565819861432	0.07159353348729793	0.06235565819861432	0.04849884526558892	0.08314087759815242	0.009237875288683603	0.020785219399538105
sp|P0AGB3|RPOH_ECOLI	0.11619718309859155	0.0	0.08098591549295775	0.07746478873239436	0.028169014084507043	0.04225352112676056	0.02112676056338028	0.04225352112676056	0.056338028169014086	0.10211267605633803	0.03873239436619718	0.045774647887323945	0.02112676056338028	0.04929577464788732	0.08098591549295775	0.056338028169014086	0.03169014084507042	0.06338028169014084	0.02112676056338028	0.02464788732394366
sp|P0ADZ4|RS15_ECOLI	0.07865168539325842	0.0	0.056179775280898875	0.056179775280898875	0.02247191011235955	0.056179775280898875	0.056179775280898875	0.033707865168539325	0.06741573033707865	0.1348314606741573	0.02247191011235955	0.02247191011235955	0.0	0.056179775280898875	0.12359550561797752	0.06741573033707865	0.06741573033707865	0.056179775280898875	0.0	0.02247191011235955
sp|P0AGD1|SODC_ECOLI	0.11560693641618497	0.011560693641618497	0.06358381502890173	0.057803468208092484	0.017341040462427744	0.13872832369942195	0.04046242774566474	0.04046242774566474	0.08092485549132948	0.08670520231213873	0.023121387283236993	0.028901734104046242	0.057803468208092484	0.03468208092485549	0.017341040462427744	0.06358381502890173	0.046242774566473986	0.06936416184971098	0.0	0.005780346820809248
sp|P14294|TOP3_ECOLI	0.10260336906584992	0.018376722817764167	0.06125574272588055	0.06738131699846861	0.033690658499234305	0.05666156202143951	0.026033690658499236	0.055130168453292494	0.05819295558958652	0.09494640122511486	0.01225114854517611	0.027565084226646247	0.06125574272588055	0.05053598774885146	0.0781010719754977	0.04747320061255743	0.042879019908116385	0.06891271056661562	0.01225114854517611	0.02450229709035222
sp|P37634|RLMJ_ECOLI	0.075	0.0	0.05	0.06428571428571428	0.02142857142857143	0.06428571428571428	0.039285714285714285	0.06428571428571428	0.05357142857142857	0.12142857142857143	0.02142857142857143	0.02142857142857143	0.060714285714285714	0.05714285714285714	0.06785714285714285	0.060714285714285714	0.03571428571428571	0.05714285714285714	0.017857142857142856	0.04642857142857143
sp|P60340|TRUB_ECOLI	0.07643312101910828	0.009554140127388535	0.06050955414012739	0.08280254777070063	0.01910828025477707	0.07961783439490445	0.01592356687898089	0.05732484076433121	0.041401273885350316	0.11146496815286625	0.025477707006369428	0.028662420382165606	0.06050955414012739	0.03821656050955414	0.08598726114649681	0.050955414012738856	0.044585987261146494	0.06687898089171974	0.0	0.044585987261146494
sp|P00452|RIR1_ECOLI	0.08147174770039421	0.01445466491458607	0.06701708278580815	0.06044678055190539	0.03679369250985545	0.06307490144546649	0.026281208935611037	0.0657030223390276	0.05519053876478318	0.09855453350854139	0.02102496714848883	0.045992115637319315	0.040735873850197106	0.04336399474375821	0.052562417871222074	0.06438896189224705	0.051248357424441525	0.051248357424441525	0.006570302233902759	0.05387647831800263
sp|P61175|RL22_ECOLI	0.11818181818181818	0.0	0.08181818181818182	0.03636363636363636	0.00909090909090909	0.03636363636363636	0.03636363636363636	0.08181818181818182	0.11818181818181818	0.07272727272727272	0.02727272727272727	0.02727272727272727	0.01818181818181818	0.01818181818181818	0.09090909090909091	0.06363636363636363	0.05454545454545454	0.1	0.0	0.00909090909090909
sp|O32163|SUFU_BACSU	0.07482993197278912	0.02040816326530612	0.09523809523809523	0.061224489795918366	0.027210884353741496	0.08163265306122448	0.006802721088435374	0.07482993197278912	0.08843537414965986	0.06802721088435375	0.06802721088435375	0.05442176870748299	0.02040816326530612	0.027210884353741496	0.034013605442176874	0.08163265306122448	0.04081632653061224	0.047619047619047616	0.006802721088435374	0.02040816326530612
sp|Q3L887|FADE5_MYCS2	0.11947626841243862	0.0016366612111292963	0.06382978723404255	0.07037643207855974	0.04746317512274959	0.09656301145662848	0.022913256955810146	0.05073649754500818	0.049099836333878884	0.09165302782324058	0.03436988543371522	0.029459901800327332	0.03273322422258593	0.03927986906710311	0.0425531914893617	0.0425531914893617	0.062193126022913256	0.06382978723404255	0.011456628477905073	0.027823240589198037
sp|P0ACB4|HEMG_ECOLI	0.08839779005524862	0.0055248618784530384	0.04419889502762431	0.06629834254143646	0.03867403314917127	0.03867403314917127	0.027624309392265192	0.055248618784530384	0.06629834254143646	0.06629834254143646	0.03314917127071823	0.03867403314917127	0.03867403314917127	0.03867403314917127	0.09392265193370165	0.06077348066298342	0.06077348066298342	0.06077348066298342	0.022099447513812154	0.055248618784530384
sp|P69931|HDA_ECOLI	0.07296137339055794	0.012875536480686695	0.07725321888412018	0.06437768240343347	0.034334763948497854	0.060085836909871244	0.017167381974248927	0.04721030042918455	0.034334763948497854	0.18025751072961374	0.02145922746781116	0.02575107296137339	0.05150214592274678	0.04721030042918455	0.0815450643776824	0.05150214592274678	0.03862660944206009	0.034334763948497854	0.02145922746781116	0.02575107296137339
sp|P0ACJ0|LRP_ECOLI	0.03048780487804878	0.012195121951219513	0.06707317073170732	0.07317073170731707	0.03048780487804878	0.054878048780487805	0.012195121951219513	0.042682926829268296	0.06097560975609756	0.1402439024390244	0.018292682926829267	0.04878048780487805	0.042682926829268296	0.042682926829268296	0.0975609756097561	0.04878048780487805	0.054878048780487805	0.09146341463414634	0.0	0.03048780487804878
sp|P0AC81|LGUL_ECOLI	0.07407407407407407	0.007407407407407408	0.05185185185185185	0.1037037037037037	0.022222222222222223	0.11851851851851852	0.014814814814814815	0.05185185185185185	0.05925925925925926	0.0962962962962963	0.022222222222222223	0.044444444444444446	0.02962962962962963	0.014814814814814815	0.05185185185185185	0.02962962962962963	0.06666666666666667	0.07407407407407407	0.007407407407407408	0.05925925925925926
sp|P0ABB0|ATPA_ECOLI	0.11306042884990253	0.007797270955165692	0.05458089668615984	0.06042884990253411	0.02729044834307992	0.0935672514619883	0.01364522417153996	0.07797270955165692	0.04678362573099415	0.08966861598440545	0.01949317738791423	0.031189083820662766	0.03508771929824561	0.05458089668615984	0.056530214424951264	0.06237816764132553	0.04483430799220273	0.07797270955165692	0.001949317738791423	0.031189083820662766
sp|Q55650|BIOU_SYNY3	0.1268882175226586	0.00906344410876133	0.0634441087613293	0.0513595166163142	0.03323262839879154	0.10574018126888217	0.02416918429003021	0.054380664652567974	0.045317220543806644	0.09365558912386707	0.03323262839879154	0.030211480362537766	0.030211480362537766	0.054380664652567974	0.03927492447129909	0.03625377643504532	0.06646525679758308	0.06948640483383686	0.006042296072507553	0.027190332326283987
sp|P17444|BETA_ECOLI	0.08093525179856115	0.01618705035971223	0.052158273381294966	0.0737410071942446	0.03597122302158273	0.10431654676258993	0.030575539568345324	0.0539568345323741	0.02697841726618705	0.07194244604316546	0.0341726618705036	0.048561151079136694	0.05935251798561151	0.046762589928057555	0.06654676258992806	0.044964028776978415	0.048561151079136694	0.050359712230215826	0.01618705035971223	0.03776978417266187
sp|P0AEX9|MALE_ECOLI	0.12626262626262627	0.0	0.06060606060606061	0.06818181818181818	0.04040404040404041	0.07575757575757576	0.007575757575757576	0.06313131313131314	0.09848484848484848	0.08585858585858586	0.022727272727272728	0.05303030303030303	0.05303030303030303	0.022727272727272728	0.017676767676767676	0.03787878787878788	0.05808080808080808	0.050505050505050504	0.020202020202020204	0.03787878787878788
sp|P02916|MALF_ECOLI	0.08560311284046693	0.005836575875486381	0.04085603112840467	0.029182879377431907	0.06614785992217899	0.08949416342412451	0.0019455252918287938	0.06031128404669261	0.04474708171206226	0.13229571984435798	0.0311284046692607	0.04669260700389105	0.04085603112840467	0.042801556420233464	0.0311284046692607	0.04669260700389105	0.07587548638132295	0.06031128404669261	0.023346303501945526	0.04474708171206226
sp|P68183|MALG_ECOLI	0.125	0.0033783783783783786	0.02364864864864865	0.02364864864864865	0.06418918918918919	0.07432432432432433	0.013513513513513514	0.0777027027027027	0.02702702702702703	0.1554054054054054	0.030405405405405407	0.02364864864864865	0.05405405405405406	0.037162162162162164	0.030405405405405407	0.05405405405405406	0.0472972972972973	0.08108108108108109	0.02702702702702703	0.02702702702702703
sp|P68187|MALK_ECOLI	0.07547169811320754	0.008086253369272238	0.04582210242587601	0.07008086253369272	0.029649595687331536	0.07547169811320754	0.026954177897574125	0.05660377358490566	0.04043126684636118	0.1078167115902965	0.029649595687331536	0.03504043126684636	0.05390835579514825	0.05929919137466307	0.0646900269541779	0.04582210242587601	0.03773584905660377	0.11590296495956873	0.005390835579514825	0.016172506738544475
sp|O50146|LYSY_THET2	0.10465116279069768	0.00872093023255814	0.046511627906976744	0.06395348837209303	0.040697674418604654	0.0872093023255814	0.0377906976744186	0.040697674418604654	0.040697674418604654	0.11627906976744186	0.011627906976744186	0.020348837209302327	0.0755813953488372	0.020348837209302327	0.07267441860465117	0.03488372093023256	0.05232558139534884	0.07267441860465117	0.011627906976744186	0.040697674418604654
sp|P06993|MALT_ECOLI	0.10543840177580466	0.009988901220865706	0.038845726970033294	0.07769145394006659	0.033296337402885685	0.04439511653718091	0.042175360710321866	0.05327413984461709	0.025527192008879023	0.146503884572697	0.021087680355160933	0.049944506104328525	0.026637069922308545	0.07769145394006659	0.06881243063263041	0.058823529411764705	0.03551609322974473	0.038845726970033294	0.0244173140954495	0.021087680355160933
sp|A4ECA9|HSDHB_COLAA	0.09125475285171103	0.022813688212927757	0.03802281368821293	0.09505703422053231	0.04182509505703422	0.10646387832699619	0.022813688212927757	0.049429657794676805	0.057034220532319393	0.06463878326996197	0.04182509505703422	0.03802281368821293	0.026615969581749048	0.022813688212927757	0.03802281368821293	0.049429657794676805	0.060836501901140684	0.08745247148288973	0.015209125475285171	0.030418250950570342
sp|Q2W8R5|MMS6_MAGSA	0.2631578947368421	0.0	0.022556390977443608	0.05263157894736842	0.0	0.18796992481203006	0.0	0.03759398496240601	0.07518796992481203	0.06766917293233082	0.022556390977443608	0.007518796992481203	0.022556390977443608	0.015037593984962405	0.022556390977443608	0.022556390977443608	0.06766917293233082	0.08270676691729323	0.015037593984962405	0.015037593984962405
sp|P0A769|MNTH_ECOLI	0.1262135922330097	0.0	0.021844660194174758	0.019417475728155338	0.04611650485436893	0.08737864077669903	0.021844660194174758	0.07766990291262135	0.02669902912621359	0.14563106796116504	0.0412621359223301	0.021844660194174758	0.03398058252427184	0.043689320388349516	0.03640776699029126	0.05825242718446602	0.055825242718446605	0.09466019417475728	0.019417475728155338	0.021844660194174758
sp|P25745|MNMA_ECOLI	0.07608695652173914	0.019021739130434784	0.07065217391304347	0.08423913043478261	0.04076086956521739	0.09510869565217392	0.021739130434782608	0.05434782608695652	0.059782608695652176	0.08967391304347826	0.016304347826086956	0.024456521739130436	0.03804347826086957	0.04891304347826087	0.04619565217391304	0.035326086956521736	0.051630434782608696	0.07880434782608696	0.01358695652173913	0.035326086956521736
sp|P0A9G8|MODE_ECOLI	0.1183206106870229	0.011450381679389313	0.06870229007633588	0.04198473282442748	0.019083969465648856	0.07633587786259542	0.019083969465648856	0.07251908396946564	0.04198473282442748	0.13358778625954199	0.011450381679389313	0.03435114503816794	0.022900763358778626	0.08778625954198473	0.04198473282442748	0.061068702290076333	0.05343511450381679	0.05725190839694656	0.011450381679389313	0.015267175572519083
sp|P9WQH7|ACCD5_MYCTU	0.10036496350364964	0.010948905109489052	0.06386861313868614	0.06751824817518248	0.02737226277372263	0.09671532846715329	0.02737226277372263	0.06751824817518248	0.03832116788321168	0.08211678832116788	0.020072992700729927	0.032846715328467155	0.04927007299270073	0.03467153284671533	0.05474452554744526	0.043795620437956206	0.06386861313868614	0.07846715328467153	0.0018248175182481751	0.03832116788321168
sp|P37685|ALDB_ECOLI	0.09765625	0.013671875	0.044921875	0.0703125	0.04296875	0.09375	0.01953125	0.0546875	0.048828125	0.095703125	0.02734375	0.041015625	0.046875	0.044921875	0.04296875	0.044921875	0.05078125	0.068359375	0.013671875	0.037109375
sp|P60061|ADIC_ECOLI	0.1258426966292135	0.017977528089887642	0.02247191011235955	0.008988764044943821	0.04943820224719101	0.10337078651685393	0.008988764044943821	0.08089887640449438	0.029213483146067417	0.1101123595505618	0.033707865168539325	0.033707865168539325	0.04943820224719101	0.011235955056179775	0.02247191011235955	0.0651685393258427	0.060674157303370786	0.10337078651685393	0.024719101123595506	0.038202247191011236
sp|P0AEC3|ARCB_ECOLI	0.06555269922879177	0.002570694087403599	0.06940874035989718	0.08868894601542417	0.032133676092544985	0.056555269922879174	0.016709511568123392	0.05398457583547558	0.06426735218508997	0.12467866323907455	0.030848329048843187	0.02956298200514139	0.03598971722365039	0.055269922879177376	0.05141388174807198	0.05269922879177378	0.05269922879177378	0.08226221079691516	0.010282776349614395	0.02442159383033419
sp|P0A6B9|ISCS_ECO57	0.08168316831683169	0.007425742574257425	0.054455445544554455	0.08168316831683169	0.024752475247524754	0.08415841584158416	0.03217821782178218	0.07673267326732673	0.04702970297029703	0.0891089108910891	0.039603960396039604	0.03712871287128713	0.03217821782178218	0.0297029702970297	0.06930693069306931	0.06435643564356436	0.04455445544554455	0.06188118811881188	0.009900990099009901	0.03217821782178218
sp|P07112|MOBA2_ECOLX	0.14386459802538787	0.004231311706629055	0.06629055007052186	0.0846262341325811	0.01692524682651622	0.09873060648801128	0.029619181946403384	0.03244005641748942	0.039492242595204514	0.07334273624823695	0.02538787023977433	0.02538787023977433	0.0465444287729196	0.0535966149506347	0.1071932299012694	0.039492242595204514	0.0380818053596615	0.04090267983074753	0.011283497884344146	0.022566995768688293
sp|Q8Y5F1|CHDC_LISMO	0.06772908366533864	0.00796812749003984	0.06772908366533864	0.07569721115537849	0.05976095617529881	0.07171314741035857	0.02390438247011952	0.06374501992031872	0.04780876494023904	0.11553784860557768	0.03187250996015936	0.04780876494023904	0.03187250996015936	0.03187250996015936	0.05179282868525897	0.06772908366533864	0.03187250996015936	0.035856573705179286	0.0199203187250996	0.04780876494023904
sp|P0AEX7|LIVH_ECOLI	0.12012987012987013	0.006493506493506494	0.016233766233766232	0.032467532467532464	0.05194805194805195	0.10714285714285714	0.006493506493506494	0.10714285714285714	0.016233766233766232	0.10714285714285714	0.06168831168831169	0.025974025974025976	0.01948051948051948	0.022727272727272728	0.03571428571428571	0.07142857142857142	0.045454545454545456	0.08766233766233766	0.012987012987012988	0.045454545454545456
sp|P32173|MOBA_ECOLI	0.0979381443298969	0.010309278350515464	0.061855670103092786	0.061855670103092786	0.02577319587628866	0.07731958762886598	0.041237113402061855	0.030927835051546393	0.03608247422680412	0.1134020618556701	0.041237113402061855	0.041237113402061855	0.05670103092783505	0.04639175257731959	0.061855670103092786	0.02577319587628866	0.03608247422680412	0.09278350515463918	0.020618556701030927	0.020618556701030927
sp|Q84HF5|KMO_PSEFL	0.1301518438177874	0.013015184381778741	0.04772234273318872	0.05639913232104121	0.0368763557483731	0.06290672451193059	0.04338394793926247	0.0368763557483731	0.010845986984815618	0.12364425162689804	0.03036876355748373	0.039045553145336226	0.05639913232104121	0.05856832971800434	0.07592190889370933	0.05422993492407809	0.0455531453362256	0.05422993492407809	0.008676789587852495	0.015184381778741865
sp|Q05599|COBU_SALTY	0.13812154696132597	0.022099447513812154	0.07734806629834254	0.06077348066298342	0.011049723756906077	0.06629834254143646	0.03314917127071823	0.08839779005524862	0.027624309392265192	0.09392265193370165	0.03314917127071823	0.027624309392265192	0.03314917127071823	0.03867403314917127	0.0718232044198895	0.022099447513812154	0.049723756906077346	0.0718232044198895	0.022099447513812154	0.011049723756906077
sp|P0A6Y8|DNAK_ECOLI	0.109717868338558	0.001567398119122257	0.08620689655172414	0.07836990595611286	0.023510971786833857	0.07366771159874608	0.012539184952978056	0.06896551724137931	0.07836990595611286	0.07523510971786834	0.023510971786833857	0.04075235109717868	0.03605015673981191	0.05799373040752351	0.03918495297805643	0.03918495297805643	0.06896551724137931	0.07366771159874608	0.001567398119122257	0.0109717868338558
sp|P0AEJ2|ENTC_ECOLI	0.10485933503836317	0.010230179028132993	0.043478260869565216	0.0741687979539642	0.05115089514066496	0.058823529411764705	0.020460358056265986	0.03580562659846547	0.028132992327365727	0.10485933503836317	0.017902813299232736	0.030690537084398978	0.06905370843989769	0.056265984654731455	0.06649616368286446	0.08184143222506395	0.058823529411764705	0.06649616368286446	0.01278772378516624	0.0076726342710997444
sp|P04425|GSHB_ECOLI	0.06962025316455696	0.012658227848101266	0.06329113924050633	0.08544303797468354	0.03481012658227848	0.07911392405063292	0.012658227848101266	0.08227848101265822	0.056962025316455694	0.10443037974683544	0.03164556962025317	0.0379746835443038	0.05379746835443038	0.03481012658227848	0.060126582278481014	0.03164556962025317	0.060126582278481014	0.04746835443037975	0.012658227848101266	0.028481012658227847
sp|P9WIQ3|FPRA_MYCTU	0.10307017543859649	0.0043859649122807015	0.07675438596491228	0.06359649122807018	0.03070175438596491	0.09649122807017543	0.019736842105263157	0.05482456140350877	0.043859649122807015	0.08333333333333333	0.013157894736842105	0.02850877192982456	0.06578947368421052	0.02850877192982456	0.07456140350877193	0.046052631578947366	0.039473684210526314	0.09868421052631579	0.010964912280701754	0.017543859649122806
sp|O34153|GLPK_ENTCA	0.1007905138339921	0.0	0.06324110671936758	0.07312252964426877	0.037549407114624504	0.08893280632411067	0.01383399209486166	0.06719367588932806	0.06126482213438735	0.07312252964426877	0.029644268774703556	0.041501976284584984	0.029644268774703556	0.05138339920948617	0.029644268774703556	0.05928853754940711	0.06324110671936758	0.05928853754940711	0.023715415019762844	0.03359683794466403
sp|P10443|DPO3A_ECOLI	0.08793103448275862	0.010344827586206896	0.07413793103448275	0.07931034482758621	0.04310344827586207	0.08103448275862069	0.020689655172413793	0.056896551724137934	0.05	0.10517241379310345	0.03189655172413793	0.027586206896551724	0.04655172413793104	0.034482758620689655	0.06724137931034482	0.039655172413793106	0.03879310344827586	0.06465517241379311	0.006896551724137931	0.03362068965517241
sp|P9WJA9|GARA_MYCTU	0.07407407407407407	0.0	0.09876543209876543	0.07407407407407407	0.04938271604938271	0.09876543209876543	0.012345679012345678	0.024691358024691357	0.024691358024691357	0.08024691358024691	0.012345679012345678	0.04938271604938271	0.05555555555555555	0.030864197530864196	0.05555555555555555	0.08024691358024691	0.06790123456790123	0.10493827160493827	0.0	0.006172839506172839
sp|Q5IW40|HEPD_STRVT	0.13318284424379231	0.004514672686230248	0.07223476297968397	0.05869074492099323	0.022573363431151242	0.08803611738148984	0.03837471783295711	0.02708803611738149	0.01580135440180587	0.10609480812641084	0.011286681715575621	0.033860045146726865	0.060948081264108354	0.01580135440180587	0.07674943566591422	0.060948081264108354	0.06772009029345373	0.05191873589164785	0.024830699774266364	0.029345372460496615
sp|O67496|ISPG_AQUAE	0.0700280112044818	0.014005602240896359	0.04201680672268908	0.09803921568627451	0.0196078431372549	0.09523809523809523	0.01680672268907563	0.08683473389355742	0.08683473389355742	0.0700280112044818	0.025210084033613446	0.03081232492997199	0.036414565826330535	0.0196078431372549	0.056022408963585436	0.05042016806722689	0.04201680672268908	0.11204481792717087	0.008403361344537815	0.0196078431372549
sp|P0ABJ6|CYOD_ECOLI	0.07339449541284404	0.009174311926605505	0.01834862385321101	0.009174311926605505	0.045871559633027525	0.06422018348623854	0.05504587155963303	0.10091743119266056	0.01834862385321101	0.09174311926605505	0.10091743119266056	0.045871559633027525	0.01834862385321101	0.009174311926605505	0.0	0.08256880733944955	0.08256880733944955	0.11926605504587157	0.03669724770642202	0.01834862385321101
sp|P0A6T3|GAL1_ECOLI	0.10209424083769633	0.02356020942408377	0.05235602094240838	0.06806282722513089	0.034031413612565446	0.08638743455497382	0.02356020942408377	0.05759162303664921	0.041884816753926704	0.07853403141361257	0.02356020942408377	0.04450261780104712	0.03664921465968586	0.060209424083769635	0.04712041884816754	0.049738219895287955	0.04712041884816754	0.09424083769633508	0.002617801047120419	0.02617801047120419
sp|P0A998|FTNA_ECOLI	0.06060606060606061	0.006060606060606061	0.04242424242424243	0.11515151515151516	0.05454545454545454	0.030303030303030304	0.03636363636363636	0.04242424242424243	0.05454545454545454	0.12727272727272726	0.04242424242424243	0.048484848484848485	0.024242424242424242	0.07272727272727272	0.024242424242424242	0.07272727272727272	0.06666666666666667	0.012121212121212121	0.012121212121212121	0.05454545454545454
sp|P9WN69|G6PI_MYCTU	0.10849909584086799	0.0	0.07956600361663653	0.034358047016274866	0.048824593128390596	0.08860759493670886	0.0325497287522604	0.045207956600361664	0.0162748643761302	0.09945750452079566	0.018083182640144666	0.027124773960216998	0.045207956600361664	0.034358047016274866	0.0650994575045208	0.0650994575045208	0.08318264014466546	0.07233273056057866	0.0162748643761302	0.019891500904159132
sp|Q3L8N0|LCP_STRK3	0.13267813267813267	0.0	0.056511056511056514	0.04668304668304668	0.019656019656019656	0.09336609336609336	0.019656019656019656	0.04668304668304668	0.0343980343980344	0.11056511056511056	0.0343980343980344	0.012285012285012284	0.05896805896805897	0.029484029484029485	0.06633906633906633	0.05405405405405406	0.051597051597051594	0.07862407862407862	0.029484029484029485	0.02457002457002457
