#	A	C	D	E	F	G	H	I	K	L	M	N	P	Q	R	S	T	V	W	Y
sp|P0A796|PFKA_ECOLI	0.084375	0.01875	0.071875	0.065625	0.03125	0.11875	0.021875	0.0875	0.04375	0.078125	0.0375	0.025	0.025	0.015625	0.06875	0.04375	0.046875	0.078125	0.003125	0.034375
sp|Q59126|PFP_AMYME	0.11143695014662756	0.002932551319648094	0.06158357771260997	0.08504398826979472	0.02932551319648094	0.1378299120234604	0.02346041055718475	0.05571847507331378	0.03225806451612903	0.07331378299120235	0.01466275659824047	0.011730205278592375	0.03519061583577713	0.011730205278592375	0.07331378299120235	0.020527859237536656	0.07038123167155426	0.11730205278592376	0.01466275659824047	0.017595307917888565
sp|P70826|PFP_BORBU	0.043243243243243246	0.010810810810810811	0.04684684684684685	0.08108108108108109	0.05945945945945946	0.07747747747747748	0.014414414414414415	0.08828828828828829	0.0918918918918919	0.1045045045045045	0.023423423423423424	0.07207207207207207	0.03963963963963964	0.014414414414414415	0.02882882882882883	0.07027027027027027	0.03783783783783784	0.05405405405405406	0.005405405405405406	0.036036036036036036
sp|Q9KH71|PFP_DICTH	0.07225433526011561	0.005780346820809248	0.06069364161849711	0.06936416184971098	0.028901734104046242	0.12427745664739884	0.02023121387283237	0.07514450867052024	0.06936416184971098	0.11271676300578035	0.02601156069364162	0.03468208092485549	0.03468208092485549	0.017341040462427744	0.049132947976878616	0.03468208092485549	0.04335260115606936	0.08959537572254335	0.005780346820809248	0.02601156069364162
sp|G4STG9|PFP_META2	0.11246943765281174	0.017114914425427872	0.06845965770171149	0.06601466992665037	0.034229828850855744	0.09290953545232274	0.017114914425427872	0.07090464547677261	0.06356968215158924	0.07823960880195599	0.022004889975550123	0.039119804400977995	0.039119804400977995	0.034229828850855744	0.0488997555012225	0.044009779951100246	0.034229828850855744	0.08068459657701711	0.012224938875305624	0.02444987775061125
sp|P24207|PHEP_ECOLI	0.09606986899563319	0.006550218340611353	0.015283842794759825	0.03056768558951965	0.06986899563318777	0.09170305676855896	0.015283842794759825	0.07860262008733625	0.026200873362445413	0.14192139737991266	0.043668122270742356	0.04585152838427948	0.034934497816593885	0.021834061135371178	0.04148471615720524	0.0611353711790393	0.03275109170305677	0.08296943231441048	0.028384279475982533	0.034934497816593885
sp|P29495|PFP_PROFC	0.14603960396039603	0.0049504950495049506	0.07673267326732673	0.05198019801980198	0.0297029702970297	0.0891089108910891	0.019801980198019802	0.06435643564356436	0.039603960396039604	0.0891089108910891	0.01485148514851485	0.024752475247524754	0.04455445544554455	0.03712871287128713	0.04950495049504951	0.04455445544554455	0.05693069306930693	0.07178217821782178	0.01485148514851485	0.0297029702970297
sp|Q9EZ02|PFP_SPITD	0.09747292418772563	0.010830324909747292	0.05054151624548736	0.07220216606498195	0.04332129963898917	0.08483754512635379	0.016245487364620937	0.07581227436823104	0.061371841155234655	0.08844765342960288	0.021660649819494584	0.04512635379061372	0.05054151624548736	0.036101083032490974	0.05415162454873646	0.04512635379061372	0.048736462093862815	0.05956678700361011	0.009025270758122744	0.02888086642599278
sp|Q9WYC5|PFP_THEMA	0.06682577565632458	0.007159904534606206	0.05489260143198091	0.09307875894988067	0.026252983293556086	0.09069212410501193	0.021479713603818614	0.081145584725537	0.07637231503579953	0.0883054892601432	0.028639618138424822	0.02386634844868735	0.0477326968973747	0.00477326968973747	0.06682577565632458	0.03818615751789976	0.06205250596658711	0.0883054892601432	0.00477326968973747	0.028639618138424822
sp|P40191|PDXK_ECOLI	0.09540636042402827	0.007067137809187279	0.06713780918727916	0.045936395759717315	0.02120141342756184	0.0636042402826855	0.0176678445229682	0.06007067137809187	0.04240282685512368	0.13074204946996468	0.0176678445229682	0.0353356890459364	0.04240282685512368	0.04946996466431095	0.04240282685512368	0.0706713780918728	0.05653710247349823	0.09187279151943463	0.01060070671378092	0.03180212014134275
sp|P14697|PHAB_CUPNH	0.09349593495934959	0.012195121951219513	0.06504065040650407	0.04065040650406504	0.04065040650406504	0.11382113821138211	0.008130081300813009	0.06504065040650407	0.056910569105691054	0.056910569105691054	0.028455284552845527	0.044715447154471545	0.02032520325203252	0.04065040650406504	0.04878048780487805	0.06097560975609756	0.07723577235772358	0.09349593495934959	0.02032520325203252	0.012195121951219513
sp|P00438|PHHY_PSEFL	0.09137055837563451	0.012690355329949238	0.048223350253807105	0.08629441624365482	0.030456852791878174	0.08629441624365482	0.02284263959390863	0.04568527918781726	0.030456852791878174	0.116751269035533	0.015228426395939087	0.01015228426395939	0.04314720812182741	0.03807106598984772	0.09644670050761421	0.048223350253807105	0.050761421319796954	0.07106598984771574	0.015228426395939087	0.04060913705583756
sp|Q55012|PENA_STREX	0.12462908011869436	0.011869436201780416	0.08011869436201781	0.07418397626112759	0.03560830860534125	0.06528189910979229	0.03560830860534125	0.02967359050445104	0.011869436201780416	0.09495548961424333	0.026706231454005934	0.02373887240356083	0.050445103857566766	0.03857566765578635	0.09495548961424333	0.06231454005934718	0.032640949554896145	0.050445103857566766	0.02373887240356083	0.032640949554896145
sp|P0AFI7|PDXH_ECOLI	0.05963302752293578	0.0045871559633027525	0.05045871559633028	0.0779816513761468	0.045871559633027525	0.05963302752293578	0.03669724770642202	0.04128440366972477	0.05504587155963303	0.11009174311926606	0.022935779816513763	0.022935779816513763	0.045871559633027525	0.06880733944954129	0.09174311926605505	0.06422018348623854	0.03211009174311927	0.05504587155963303	0.027522935779816515	0.027522935779816515
sp|Q5P5I4|PED_AROAE	0.13654618473895583	0.008032128514056224	0.060240963855421686	0.040160642570281124	0.04819277108433735	0.08433734939759036	0.008032128514056224	0.08032128514056225	0.04417670682730924	0.08835341365461848	0.024096385542168676	0.040160642570281124	0.040160642570281124	0.028112449799196786	0.05220883534136546	0.04417670682730924	0.07630522088353414	0.06827309236947791	0.012048192771084338	0.01606425702811245
sp|P19624|PDXA_ECOLI	0.11246200607902736	0.0121580547112462	0.0425531914893617	0.0547112462006079	0.02735562310030395	0.0911854103343465	0.03343465045592705	0.057750759878419454	0.030395136778115502	0.13069908814589665	0.0243161094224924	0.0364741641337386	0.06990881458966565	0.0364741641337386	0.04559270516717325	0.015197568389057751	0.0790273556231003	0.08206686930091185	0.00303951367781155	0.015197568389057751
sp|P0ABF1|PCNB_ECOLI	0.08387096774193549	0.008602150537634409	0.05161290322580645	0.07741935483870968	0.04516129032258064	0.053763440860215055	0.017204301075268817	0.043010752688172046	0.047311827956989246	0.1053763440860215	0.02795698924731183	0.03870967741935484	0.053763440860215055	0.03870967741935484	0.11612903225806452	0.03655913978494624	0.05591397849462366	0.05591397849462366	0.012903225806451613	0.030107526881720432
sp|Q9KJY8|PCS_RHIME	0.08713692946058091	0.0	0.03319502074688797	0.029045643153526972	0.08713692946058091	0.07053941908713693	0.016597510373443983	0.06639004149377593	0.024896265560165973	0.12033195020746888	0.029045643153526972	0.024896265560165973	0.04979253112033195	0.016597510373443983	0.03734439834024896	0.05394190871369295	0.03734439834024896	0.14107883817427386	0.029045643153526972	0.04564315352697095
sp|Q92SA6|PK21A_RHIME	0.08333333333333333	0.0033333333333333335	0.08	0.09	0.05	0.07	0.023333333333333334	0.056666666666666664	0.07	0.06666666666666667	0.03333333333333333	0.023333333333333334	0.05	0.02666666666666667	0.09	0.03	0.05	0.04666666666666667	0.02666666666666667	0.03
sp|O05877|PK21_MYCTU	0.08813559322033898	0.003389830508474576	0.06779661016949153	0.0576271186440678	0.030508474576271188	0.05084745762711865	0.020338983050847456	0.04745762711864407	0.05423728813559322	0.07796610169491526	0.02711864406779661	0.020338983050847456	0.061016949152542375	0.03389830508474576	0.10508474576271186	0.061016949152542375	0.04067796610169491	0.07796610169491526	0.023728813559322035	0.05084745762711865
sp|P0A7A7|PLSB_ECOLI	0.08302354399008674	0.006195786864931847	0.04708798017348203	0.06071871127633209	0.03345724907063197	0.055762081784386616	0.02973977695167286	0.055762081784386616	0.03469640644361834	0.1288723667905824	0.03345724907063197	0.04337050805452292	0.057001239157372985	0.03593556381660471	0.07806691449814127	0.058240396530359353	0.05080545229244114	0.05947955390334572	0.009913258983890954	0.03841387856257745
sp|O34002|PRPC_ABDS2	0.12401055408970976	0.005277044854881266	0.052770448548812667	0.08179419525065963	0.036939313984168866	0.05804749340369393	0.029023746701846966	0.0395778364116095	0.047493403693931395	0.08970976253298153	0.0395778364116095	0.047493403693931395	0.047493403693931395	0.023746701846965697	0.05013192612137203	0.0633245382585752	0.05804749340369393	0.0633245382585752	0.010554089709762533	0.0316622691292876
sp|Q988B8|PPAT_RHILO	0.15012722646310434	0.007633587786259542	0.05597964376590331	0.04580152671755725	0.015267175572519083	0.08651399491094147	0.02544529262086514	0.05089058524173028	0.04580152671755725	0.089058524173028	0.03307888040712468	0.027989821882951654	0.07124681933842239	0.01272264631043257	0.043256997455470736	0.05597964376590331	0.05089058524173028	0.08142493638676845	0.015267175572519083	0.035623409669211195
sp|Q8DIV4|PSBA3_THEVB	0.10277777777777777	0.011111111111111112	0.019444444444444445	0.04722222222222222	0.075	0.08888888888888889	0.030555555555555555	0.08055555555555556	0.002777777777777778	0.08888888888888889	0.03333333333333333	0.06666666666666667	0.044444444444444446	0.027777777777777776	0.03333333333333333	0.06666666666666667	0.04722222222222222	0.06666666666666667	0.027777777777777776	0.03888888888888889
sp|P69924|RIR2_ECOLI	0.05851063829787234	0.013297872340425532	0.06648936170212766	0.0851063829787234	0.04521276595744681	0.034574468085106384	0.02127659574468085	0.07446808510638298	0.0425531914893617	0.09840425531914894	0.023936170212765957	0.04521276595744681	0.034574468085106384	0.061170212765957445	0.04521276595744681	0.06914893617021277	0.05319148936170213	0.06648936170212766	0.018617021276595744	0.0425531914893617
sp|P0A9T0|SERA_ECOLI	0.10975609756097561	0.00975609756097561	0.046341463414634146	0.06585365853658537	0.03170731707317073	0.08292682926829269	0.03170731707317073	0.06829268292682927	0.05609756097560976	0.11951219512195121	0.02195121951219512	0.05121951219512195	0.041463414634146344	0.03170731707317073	0.036585365853658534	0.05853658536585366	0.04390243902439024	0.06829268292682927	0.0024390243902439024	0.02195121951219512
sp|P0A832|SSRP_ECOLI	0.10625	0.0125	0.04375	0.06875	0.025	0.0625	0.03125	0.04375	0.1125	0.0875	0.01875	0.04375	0.01875	0.025	0.08125	0.05	0.04375	0.06875	0.025	0.03125
sp|P0A8F8|UVRB_ECOLI	0.07429420505200594	0.0014858841010401188	0.05943536404160475	0.09955423476968796	0.03417533432392273	0.06240713224368499	0.01634472511144131	0.06240713224368499	0.04606240713224369	0.1099554234769688	0.029717682020802376	0.031203566121842496	0.05052005943536404	0.0475482912332838	0.07726597325408618	0.04457652303120357	0.05052005943536404	0.06835066864784546	0.0	0.03417533432392273
sp|P0A698|UVRA_ECOLI	0.07234042553191489	0.014893617021276596	0.0574468085106383	0.07553191489361702	0.03297872340425532	0.08617021276595745	0.026595744680851064	0.059574468085106386	0.05106382978723404	0.10212765957446808	0.019148936170212766	0.035106382978723406	0.05	0.03297872340425532	0.07021276595744681	0.05638297872340425	0.05638297872340425	0.07127659574468086	0.0031914893617021275	0.026595744680851064
sp|P0A8F0|UPP_ECOLI	0.07692307692307693	0.004807692307692308	0.052884615384615384	0.08653846153846154	0.014423076923076924	0.09134615384615384	0.019230769230769232	0.08653846153846154	0.07692307692307693	0.10576923076923077	0.03365384615384615	0.02403846153846154	0.04807692307692308	0.019230769230769232	0.03365384615384615	0.04807692307692308	0.052884615384615384	0.09615384615384616	0.004807692307692308	0.02403846153846154
sp|P38051|MENF_ECOLI	0.10672853828306264	0.013921113689095127	0.058004640371229696	0.058004640371229696	0.03480278422273782	0.05104408352668213	0.025522041763341066	0.04176334106728538	0.03248259860788863	0.13225058004640372	0.016241299303944315	0.03480278422273782	0.04640371229698376	0.07424593967517401	0.07888631090487239	0.05104408352668213	0.058004640371229696	0.04408352668213457	0.025522041763341066	0.016241299303944315
sp|P16384|MIAA_ECOLI	0.12658227848101267	0.006329113924050633	0.05379746835443038	0.0759493670886076	0.028481012658227847	0.06329113924050633	0.02531645569620253	0.060126582278481014	0.03164556962025317	0.11708860759493671	0.02531645569620253	0.006329113924050633	0.05379746835443038	0.056962025316455694	0.0759493670886076	0.06329113924050633	0.0379746835443038	0.05063291139240506	0.015822784810126583	0.02531645569620253
sp|P46022|MTGA_ECOLI	0.10330578512396695	0.0	0.028925619834710745	0.049586776859504134	0.06198347107438017	0.07024793388429752	0.024793388429752067	0.04132231404958678	0.04132231404958678	0.09917355371900827	0.028925619834710745	0.028925619834710745	0.0371900826446281	0.049586776859504134	0.0743801652892562	0.08264462809917356	0.028925619834710745	0.09090909090909091	0.0371900826446281	0.02066115702479339
sp|P21340|PAIA_BACSU	0.06395348837209303	0.005813953488372093	0.040697674418604654	0.11627906976744186	0.06395348837209303	0.046511627906976744	0.023255813953488372	0.0755813953488372	0.09883720930232558	0.08139534883720931	0.046511627906976744	0.06976744186046512	0.005813953488372093	0.05813953488372093	0.01744186046511628	0.06976744186046512	0.040697674418604654	0.029069767441860465	0.011627906976744186	0.03488372093023256
sp|P9WGG3|NPD_MYCTU	0.11392405063291139	0.016877637130801686	0.05063291139240506	0.08016877637130802	0.02109704641350211	0.08438818565400844	0.029535864978902954	0.04219409282700422	0.008438818565400843	0.09282700421940929	0.012658227848101266	0.02531645569620253	0.08860759493670886	0.016877637130801686	0.06329113924050633	0.06751054852320675	0.0379746835443038	0.09282700421940929	0.03375527426160337	0.02109704641350211
sp|P22983|PPDK_CLOSY	0.09610983981693363	0.014874141876430207	0.05606407322654462	0.09954233409610984	0.04576659038901602	0.08581235697940504	0.018306636155606407	0.05377574370709382	0.07093821510297482	0.06750572082379863	0.04462242562929062	0.032036613272311214	0.041189931350114416	0.032036613272311214	0.04462242562929062	0.03775743707093822	0.059496567505720827	0.06750572082379863	0.005720823798627002	0.02631578947368421
sp|P33599|NUOCD_ECOLI	0.06543624161073826	0.006711409395973154	0.06375838926174497	0.06711409395973154	0.053691275167785234	0.07046979865771812	0.031879194630872486	0.053691275167785234	0.040268456375838924	0.09563758389261745	0.03523489932885906	0.030201342281879196	0.06208053691275168	0.031879194630872486	0.07214765100671142	0.04194630872483222	0.06208053691275168	0.06208053691275168	0.020134228187919462	0.03355704697986577
sp|P9WIL7|PANB_MYCTU	0.1601423487544484	0.0071174377224199285	0.0498220640569395	0.0498220640569395	0.03558718861209965	0.12099644128113879	0.02491103202846975	0.05338078291814947	0.028469750889679714	0.060498220640569395	0.02491103202846975	0.014234875444839857	0.0498220640569395	0.03914590747330961	0.0498220640569395	0.03202846975088968	0.06761565836298933	0.09252669039145907	0.010676156583629894	0.028469750889679714
sp|P09546|PUTA_ECOLI	0.12575757575757576	0.009848484848484848	0.0446969696969697	0.06818181818181818	0.02196969696969697	0.07348484848484849	0.01818181818181818	0.05227272727272727	0.030303030303030304	0.11818181818181818	0.020454545454545454	0.037121212121212124	0.05378787878787879	0.055303030303030305	0.0659090909090909	0.05303030303030303	0.05	0.06287878787878788	0.00909090909090909	0.029545454545454545
sp|P10503|PUTA_SALTY	0.12954545454545455	0.009848484848484848	0.045454545454545456	0.06742424242424243	0.025	0.07272727272727272	0.01818181818181818	0.048484848484848485	0.03106060606060606	0.1159090909090909	0.023484848484848483	0.03636363636363636	0.051515151515151514	0.05606060606060606	0.06666666666666667	0.04772727272727273	0.05227272727272727	0.06439393939393939	0.010606060606060607	0.02727272727272727
sp|P37449|PDUB_SALTY	0.13703703703703704	0.007407407407407408	0.044444444444444446	0.07037037037037037	0.014814814814814815	0.1037037037037037	0.014814814814814815	0.07777777777777778	0.040740740740740744	0.07407407407407407	0.022222222222222223	0.02962962962962963	0.040740740740740744	0.02962962962962963	0.04814814814814815	0.07407407407407407	0.06296296296296296	0.08518518518518518	0.0	0.022222222222222223
sp|P06999|PFKB_ECOLI	0.11974110032362459	0.012944983818770227	0.03559870550161812	0.0744336569579288	0.016181229773462782	0.09061488673139159	0.016181229773462782	0.05501618122977346	0.042071197411003236	0.10032362459546926	0.016181229773462782	0.03559870550161812	0.05177993527508091	0.05177993527508091	0.042071197411003236	0.0744336569579288	0.05177993527508091	0.09385113268608414	0.003236245954692557	0.016181229773462782
sp|P00879|RBL_NOSS1	0.10084033613445378	0.014705882352941176	0.058823529411764705	0.06512605042016807	0.04201680672268908	0.08823529411764706	0.0273109243697479	0.052521008403361345	0.052521008403361345	0.08403361344537816	0.01680672268907563	0.03571428571428571	0.04411764705882353	0.031512605042016806	0.06092436974789916	0.029411764705882353	0.07142857142857142	0.06512605042016807	0.018907563025210083	0.03991596638655462
sp|O31678|QUEF_BACSU	0.01818181818181818	0.01818181818181818	0.06666666666666667	0.08484848484848485	0.06060606060606061	0.06060606060606061	0.024242424242424242	0.06060606060606061	0.06666666666666667	0.07272727272727272	0.048484848484848485	0.06666666666666667	0.06666666666666667	0.012121212121212121	0.04242424242424243	0.048484848484848485	0.06666666666666667	0.03636363636363636	0.006060606060606061	0.07272727272727272
sp|P83310|RDPA_DELAC	0.07457627118644068	0.010169491525423728	0.06440677966101695	0.05423728813559322	0.04406779661016949	0.0711864406779661	0.03389830508474576	0.04067796610169491	0.023728813559322035	0.07457627118644068	0.02711864406779661	0.02711864406779661	0.0576271186440678	0.04406779661016949	0.07796610169491526	0.05084745762711865	0.07796610169491526	0.09491525423728814	0.01694915254237288	0.03389830508474576
sp|Q8KSC8|RDPA_SPHHM	0.07457627118644068	0.010169491525423728	0.06440677966101695	0.05423728813559322	0.04406779661016949	0.0711864406779661	0.03389830508474576	0.04067796610169491	0.023728813559322035	0.07457627118644068	0.02711864406779661	0.02711864406779661	0.0576271186440678	0.04406779661016949	0.07796610169491526	0.05084745762711865	0.07796610169491526	0.09491525423728814	0.01694915254237288	0.03389830508474576
sp|P0A7G2|RBFA_ECOLI	0.07518796992481203	0.0	0.07518796992481203	0.09022556390977443	0.03759398496240601	0.05263157894736842	0.007518796992481203	0.045112781954887216	0.07518796992481203	0.09022556390977443	0.06015037593984962	0.03007518796992481	0.03007518796992481	0.03759398496240601	0.08270676691729323	0.06015037593984962	0.03759398496240601	0.09022556390977443	0.0	0.022556390977443608
sp|Q9RKY0|RBPA_STRCO	0.10483870967741936	0.024193548387096774	0.04838709677419355	0.14516129032258066	0.016129032258064516	0.056451612903225805	0.024193548387096774	0.024193548387096774	0.04838709677419355	0.08064516129032258	0.04032258064516129	0.008064516129032258	0.056451612903225805	0.016129032258064516	0.11290322580645161	0.04838709677419355	0.04032258064516129	0.07258064516129033	0.016129032258064516	0.016129032258064516
sp|P46849|RTCA_ECOLI	0.10650887573964497	0.008875739644970414	0.023668639053254437	0.07100591715976332	0.038461538461538464	0.10650887573964497	0.023668639053254437	0.05029585798816568	0.020710059171597635	0.10946745562130178	0.014792899408284023	0.023668639053254437	0.05029585798816568	0.04142011834319527	0.07100591715976332	0.0621301775147929	0.0650887573964497	0.09763313609467456	0.0029585798816568047	0.011834319526627219
sp|P34945|SYS_THET2	0.10926365795724466	0.004750593824228029	0.035629453681710214	0.11163895486935867	0.028503562945368172	0.0665083135391924	0.019002375296912115	0.023752969121140142	0.04275534441805225	0.1377672209026128	0.021377672209026127	0.021377672209026127	0.0665083135391924	0.03800475059382423	0.09501187648456057	0.0332541567695962	0.028503562945368172	0.06413301662707839	0.014251781472684086	0.03800475059382423
sp|P0A8L1|SYS_ECOLI	0.08139534883720931	0.011627906976744186	0.06744186046511629	0.09069767441860466	0.027906976744186046	0.06976744186046512	0.023255813953488372	0.04186046511627907	0.04883720930232558	0.10697674418604651	0.03255813953488372	0.03953488372093023	0.044186046511627906	0.03953488372093023	0.07674418604651163	0.04186046511627907	0.05116279069767442	0.06976744186046512	0.0069767441860465115	0.027906976744186046
sp|Q8ZL58|TAGAD_SALTY	0.11557788944723618	0.007537688442211055	0.06030150753768844	0.0678391959798995	0.035175879396984924	0.08040201005025126	0.02763819095477387	0.06281407035175879	0.04773869346733668	0.11055276381909548	0.02512562814070352	0.032663316582914576	0.04773869346733668	0.03768844221105527	0.06281407035175879	0.04773869346733668	0.04522613065326633	0.04522613065326633	0.022613065326633167	0.017587939698492462
sp|P00959|SYM_ECOLI	0.08714918759231906	0.011816838995568686	0.06646971935007386	0.06499261447562776	0.05465288035450517	0.06794682422451995	0.023633677991137372	0.053175775480059084	0.059084194977843424	0.08419497784342689	0.0310192023633678	0.04283604135893648	0.047267355982274745	0.0413589364844904	0.04874446085672083	0.060561299852289516	0.0413589364844904	0.0620384047267356	0.01624815361890694	0.03545051698670606
sp|P27623|TAGD_BACSU	0.031007751937984496	0.007751937984496124	0.08527131782945736	0.09302325581395349	0.03875968992248062	0.05426356589147287	0.03875968992248062	0.09302325581395349	0.11627906976744186	0.09302325581395349	0.015503875968992248	0.023255813953488372	0.015503875968992248	0.046511627906976744	0.031007751937984496	0.023255813953488372	0.05426356589147287	0.06976744186046512	0.023255813953488372	0.046511627906976744
sp|P13485|TAGF_BACSU	0.036193029490616625	0.005361930294906166	0.049597855227882036	0.08579088471849866	0.06032171581769437	0.04155495978552279	0.014745308310991957	0.06702412868632708	0.10455764075067024	0.09115281501340483	0.028150134048257374	0.05361930294906166	0.04423592493297587	0.02680965147453083	0.054959785522788206	0.06300268096514745	0.05361930294906166	0.049597855227882036	0.00938337801608579	0.06032171581769437
sp|Q8PDA8|T23O_XANCP	0.06711409395973154	0.006711409395973154	0.05704697986577181	0.07046979865771812	0.050335570469798654	0.06375838926174497	0.030201342281879196	0.026845637583892617	0.02348993288590604	0.13087248322147652	0.020134228187919462	0.016778523489932886	0.04697986577181208	0.07718120805369127	0.09060402684563758	0.050335570469798654	0.04697986577181208	0.06375838926174497	0.020134228187919462	0.040268456375838924
sp|P39185|NAPA_CUPNH	0.09987966305655836	0.012033694344163659	0.05776173285198556	0.05174488567990373	0.05054151624548736	0.07460890493381468	0.021660649819494584	0.030084235860409144	0.07220216606498195	0.06859205776173286	0.02888086642599278	0.048134777376654635	0.06016847172081829	0.027677496991576414	0.06016847172081829	0.03850782190132371	0.05535499398315283	0.08062575210589651	0.02286401925391095	0.03850782190132371
sp|P38489|NFSB_ECOLI	0.12442396313364056	0.004608294930875576	0.07834101382488479	0.059907834101382486	0.05069124423963134	0.05069124423963134	0.03225806451612903	0.03225806451612903	0.08294930875576037	0.08755760368663594	0.02304147465437788	0.03686635944700461	0.03686635944700461	0.03225806451612903	0.03225806451612903	0.059907834101382486	0.05069124423963134	0.09216589861751152	0.013824884792626729	0.018433179723502304
sp|P9WG49|TOP1_MYCTU	0.11563169164882227	0.0	0.069593147751606	0.069593147751606	0.023554603854389723	0.08029978586723768	0.013918629550321198	0.043897216274089934	0.047109207708779445	0.09100642398286937	0.01284796573875803	0.019271948608137045	0.06209850107066381	0.028907922912205567	0.09421841541755889	0.058886509635974305	0.06638115631691649	0.06316916488222699	0.007494646680942184	0.032119914346895075
sp|Q9K4M4|SOXA_PSESE	0.10839160839160839	0.02097902097902098	0.06993006993006994	0.07692307692307693	0.04195804195804196	0.08391608391608392	0.02097902097902098	0.03146853146853147	0.045454545454545456	0.06643356643356643	0.038461538461538464	0.03496503496503497	0.045454545454545456	0.03146853146853147	0.055944055944055944	0.05944055944055944	0.055944055944055944	0.06293706293706294	0.02097902097902098	0.027972027972027972
sp|Q939U1|SOXA_RHOSU	0.11149825783972125	0.024390243902439025	0.06968641114982578	0.0627177700348432	0.03484320557491289	0.0975609756097561	0.020905923344947737	0.041811846689895474	0.020905923344947737	0.05226480836236934	0.03484320557491289	0.027874564459930314	0.04878048780487805	0.024390243902439025	0.08013937282229965	0.0627177700348432	0.04878048780487805	0.08362369337979095	0.013937282229965157	0.03832752613240418
sp|Q00456|TMOA_PSEME	0.088	0.008	0.066	0.078	0.048	0.066	0.03	0.048	0.05	0.068	0.042	0.034	0.046	0.042	0.052	0.054	0.044	0.044	0.046	0.046
sp|P0AG16|PUR1_ECOLI	0.09306930693069307	0.013861386138613862	0.07128712871287128	0.06732673267326733	0.04356435643564356	0.06930693069306931	0.019801980198019802	0.08316831683168317	0.033663366336633666	0.07524752475247524	0.023762376237623763	0.061386138613861385	0.03762376237623762	0.03762376237623762	0.07722772277227723	0.04554455445544554	0.039603960396039604	0.07128712871287128	0.0019801980198019802	0.033663366336633666
sp|P0AEV1|RSSB_ECOLI	0.09495548961424333	0.017804154302670624	0.05341246290801187	0.05341246290801187	0.026706231454005934	0.06824925816023739	0.020771513353115726	0.03560830860534125	0.026706231454005934	0.17804154302670624	0.026706231454005934	0.05637982195845697	0.04154302670623145	0.06528189910979229	0.05934718100890208	0.03857566765578635	0.032640949554896145	0.07418397626112759	0.011869436201780416	0.017804154302670624
sp|P46850|RTCB_ECOLI	0.10049019607843138	0.0196078431372549	0.04656862745098039	0.07352941176470588	0.029411764705882353	0.07598039215686274	0.02696078431372549	0.06372549019607843	0.056372549019607844	0.07107843137254902	0.03676470588235294	0.041666666666666664	0.03676470588235294	0.04656862745098039	0.04656862745098039	0.041666666666666664	0.0661764705882353	0.07352941176470588	0.014705882352941176	0.031862745098039214
sp|Q7AKG8|RSRA_STRCO	0.05714285714285714	0.06666666666666667	0.09523809523809523	0.11428571428571428	0.02857142857142857	0.05714285714285714	0.047619047619047616	0.01904761904761905	0.06666666666666667	0.08571428571428572	0.02857142857142857	0.0	0.06666666666666667	0.0380952380952381	0.0380952380952381	0.09523809523809523	0.009523809523809525	0.06666666666666667	0.0	0.01904761904761905
sp|P39406|RSMC_ECOLI	0.10204081632653061	0.011661807580174927	0.0728862973760933	0.043731778425655975	0.05830903790087463	0.07580174927113703	0.026239067055393587	0.029154518950437316	0.037900874635568516	0.10495626822157435	0.02040816326530612	0.029154518950437316	0.043731778425655975	0.043731778425655975	0.0641399416909621	0.06997084548104957	0.052478134110787174	0.08454810495626822	0.008746355685131196	0.02040816326530612
sp|P0A6U5|RSMG_ECOLI	0.05314009661835749	0.004830917874396135	0.04830917874396135	0.07729468599033816	0.033816425120772944	0.057971014492753624	0.03864734299516908	0.057971014492753624	0.05314009661835749	0.13526570048309178	0.024154589371980676	0.043478260869565216	0.06763285024154589	0.04830917874396135	0.05314009661835749	0.057971014492753624	0.01932367149758454	0.09178743961352658	0.00966183574879227	0.024154589371980676
sp|P06992|RSMA_ECOLI	0.08791208791208792	0.007326007326007326	0.040293040293040296	0.047619047619047616	0.047619047619047616	0.054945054945054944	0.02564102564102564	0.047619047619047616	0.03296703296703297	0.0989010989010989	0.04395604395604396	0.06227106227106227	0.07326007326007326	0.05860805860805861	0.05860805860805861	0.047619047619047616	0.047619047619047616	0.08791208791208792	0.0	0.029304029304029304
sp|P33937|NAPA_ECOLI	0.09420289855072464	0.014492753623188406	0.05434782608695652	0.06521739130434782	0.04589371980676329	0.0785024154589372	0.020531400966183576	0.03864734299516908	0.06642512077294686	0.07729468599033816	0.026570048309178744	0.04589371980676329	0.059178743961352656	0.03985507246376811	0.057971014492753624	0.042270531400966184	0.049516908212560384	0.06521739130434782	0.024154589371980676	0.033816425120772944
sp|H3JQW0|OTEMO_PSEPU	0.08623853211009175	0.011009174311926606	0.060550458715596334	0.06972477064220184	0.044036697247706424	0.08073394495412844	0.012844036697247707	0.047706422018348627	0.04954128440366973	0.062385321100917435	0.01834862385321101	0.047706422018348627	0.05137614678899083	0.022018348623853212	0.06972477064220184	0.05137614678899083	0.06605504587155964	0.07522935779816514	0.023853211009174313	0.04954128440366973
sp|P20083|PARE_ECOLI	0.07936507936507936	0.015873015873015872	0.07301587301587302	0.07301587301587302	0.02857142857142857	0.0761904761904762	0.022222222222222223	0.04285714285714286	0.05555555555555555	0.10634920634920635	0.023809523809523808	0.04126984126984127	0.03968253968253968	0.046031746031746035	0.06349206349206349	0.046031746031746035	0.047619047619047616	0.08253968253968254	0.012698412698412698	0.023809523809523808
sp|Q2RMD6|PFOR_MOOTA	0.1246797608881298	0.015371477369769428	0.05123825789923143	0.06148590947907771	0.04099060631938514	0.07941929974380871	0.02134927412467976	0.05807002561912895	0.06831767719897523	0.07771135781383433	0.02305721605465414	0.034158838599487616	0.04782237403928266	0.036720751494449186	0.035866780529461996	0.05465414175918019	0.05294619982920581	0.06831767719897523	0.009393680614859094	0.03842869342442357
sp|Q56063|PRPC_SALTY	0.08483290488431877	0.010282776349614395	0.05398457583547558	0.07197943444730077	0.02570694087403599	0.07455012853470437	0.04884318766066838	0.06426735218508997	0.05398457583547558	0.08740359897172237	0.02570694087403599	0.03598971722365039	0.04884318766066838	0.02313624678663239	0.05141388174807198	0.06426735218508997	0.061696658097686374	0.06683804627249357	0.012853470437017995	0.033419023136246784
sp|A0LNN5|SFMCT_SYNFM	0.14320388349514562	0.021844660194174758	0.019417475728155338	0.01699029126213592	0.06796116504854369	0.13106796116504854	0.0048543689320388345	0.06067961165048544	0.03640776699029126	0.10922330097087378	0.0412621359223301	0.009708737864077669	0.06310679611650485	0.019417475728155338	0.02669902912621359	0.03640776699029126	0.06310679611650485	0.050970873786407765	0.03398058252427184	0.043689320388349516
sp|Q45666|TNRA_BACSU	0.03636363636363636	0.0	0.06363636363636363	0.08181818181818182	0.01818181818181818	0.045454545454545456	0.01818181818181818	0.06363636363636363	0.11818181818181818	0.07272727272727272	0.045454545454545456	0.03636363636363636	0.01818181818181818	0.05454545454545454	0.10909090909090909	0.06363636363636363	0.045454545454545456	0.05454545454545454	0.0	0.05454545454545454
sp|P0A836|SUCC_ECOLI	0.1211340206185567	0.01288659793814433	0.05412371134020619	0.07216494845360824	0.028350515463917526	0.11082474226804123	0.01288659793814433	0.059278350515463915	0.061855670103092786	0.0979381443298969	0.020618556701030927	0.041237113402061855	0.03608247422680412	0.04381443298969072	0.04381443298969072	0.020618556701030927	0.03865979381443299	0.0979381443298969	0.007731958762886598	0.01804123711340206
sp|P0A7F6|SPED_ECOLI	0.05303030303030303	0.022727272727272728	0.07196969696969698	0.08333333333333333	0.03409090909090909	0.041666666666666664	0.045454545454545456	0.09090909090909091	0.06060606060606061	0.08712121212121213	0.03409090909090909	0.04924242424242424	0.041666666666666664	0.022727272727272728	0.03787878787878788	0.05303030303030303	0.06060606060606061	0.05303030303030303	0.003787878787878788	0.05303030303030303
sp|Q9WZC2|SPEE_THEMA	0.05405405405405406	0.010135135135135136	0.06756756756756757	0.08445945945945946	0.07094594594594594	0.07432432432432433	0.02364864864864865	0.06418918918918919	0.07432432432432433	0.0777027027027027	0.033783783783783786	0.033783783783783786	0.04391891891891892	0.02364864864864865	0.04391891891891892	0.037162162162162164	0.05067567567567568	0.06756756756756757	0.010135135135135136	0.05405405405405406
sp|P0AG55|RL6_ECOLI	0.11299435028248588	0.005649717514124294	0.05084745762711865	0.04519774011299435	0.01694915254237288	0.10734463276836158	0.01694915254237288	0.04519774011299435	0.0903954802259887	0.06779661016949153	0.011299435028248588	0.03954802259887006	0.04519774011299435	0.03954802259887006	0.05649717514124294	0.022598870056497175	0.06779661016949153	0.12429378531073447	0.005649717514124294	0.02824858757062147
sp|P55135|RLMD_ECOLI	0.09237875288683603	0.016166281755196306	0.050808314087759814	0.05542725173210162	0.03233256351039261	0.06466512702078522	0.025404157043879907	0.03233256351039261	0.046189376443418015	0.11547344110854503	0.02771362586605081	0.03233256351039261	0.050808314087759814	0.06235565819861432	0.07159353348729793	0.06235565819861432	0.04849884526558892	0.08314087759815242	0.009237875288683603	0.020785219399538105
sp|P0AGB3|RPOH_ECOLI	0.11619718309859155	0.0	0.08098591549295775	0.07746478873239436	0.028169014084507043	0.04225352112676056	0.02112676056338028	0.04225352112676056	0.056338028169014086	0.10211267605633803	0.03873239436619718	0.045774647887323945	0.02112676056338028	0.04929577464788732	0.08098591549295775	0.056338028169014086	0.03169014084507042	0.06338028169014084	0.02112676056338028	0.02464788732394366
sp|P0ADZ4|RS15_ECOLI	0.07865168539325842	0.0	0.056179775280898875	0.056179775280898875	0.02247191011235955	0.056179775280898875	0.056179775280898875	0.033707865168539325	0.06741573033707865	0.1348314606741573	0.02247191011235955	0.02247191011235955	0.0	0.056179775280898875	0.12359550561797752	0.06741573033707865	0.06741573033707865	0.056179775280898875	0.0	0.02247191011235955
sp|P0AGD1|SODC_ECOLI	0.11560693641618497	0.011560693641618497	0.06358381502890173	0.057803468208092484	0.017341040462427744	0.13872832369942195	0.04046242774566474	0.04046242774566474	0.08092485549132948	0.08670520231213873	0.023121387283236993	0.028901734104046242	0.057803468208092484	0.03468208092485549	0.017341040462427744	0.06358381502890173	0.046242774566473986	0.06936416184971098	0.0	0.005780346820809248
sp|P14294|TOP3_ECOLI	0.10260336906584992	0.018376722817764167	0.06125574272588055	0.06738131699846861	0.033690658499234305	0.05666156202143951	0.026033690658499236	0.055130168453292494	0.05819295558958652	0.09494640122511486	0.01225114854517611	0.027565084226646247	0.06125574272588055	0.05053598774885146	0.0781010719754977	0.04747320061255743	0.042879019908116385	0.06891271056661562	0.01225114854517611	0.02450229709035222
sp|P37634|RLMJ_ECOLI	0.075	0.0	0.05	0.06428571428571428	0.02142857142857143	0.06428571428571428	0.039285714285714285	0.06428571428571428	0.05357142857142857	0.12142857142857143	0.02142857142857143	0.02142857142857143	0.060714285714285714	0.05714285714285714	0.06785714285714285	0.060714285714285714	0.03571428571428571	0.05714285714285714	0.017857142857142856	0.04642857142857143
sp|P60340|TRUB_ECOLI	0.07643312101910828	0.009554140127388535	0.06050955414012739	0.08280254777070063	0.01910828025477707	0.07961783439490445	0.01592356687898089	0.05732484076433121	0.041401273885350316	0.11146496815286625	0.025477707006369428	0.028662420382165606	0.06050955414012739	0.03821656050955414	0.08598726114649681	0.050955414012738856	0.044585987261146494	0.06687898089171974	0.0	0.044585987261146494
sp|P00452|RIR1_ECOLI	0.08147174770039421	0.01445466491458607	0.06701708278580815	0.06044678055190539	0.03679369250985545	0.06307490144546649	0.026281208935611037	0.0657030223390276	0.05519053876478318	0.09855453350854139	0.02102496714848883	0.045992115637319315	0.040735873850197106	0.04336399474375821	0.052562417871222074	0.06438896189224705	0.051248357424441525	0.051248357424441525	0.006570302233902759	0.05387647831800263
sp|P00914|PHR_ECOLI	0.1059322033898305	0.014830508474576272	0.0423728813559322	0.06991525423728813	0.04025423728813559	0.059322033898305086	0.03177966101694915	0.04025423728813559	0.036016949152542374	0.09110169491525423	0.019067796610169493	0.0423728813559322	0.05508474576271186	0.059322033898305086	0.07203389830508475	0.048728813559322036	0.046610169491525424	0.0635593220338983	0.03177966101694915	0.029661016949152543
sp|P60723|RL4_ECOLI	0.11442786069651742	0.0	0.05970149253731343	0.05970149253731343	0.029850746268656716	0.06467661691542288	0.014925373134328358	0.03980099502487562	0.08955223880597014	0.0945273631840796	0.024875621890547265	0.01990049751243781	0.024875621890547265	0.04975124378109453	0.06965174129353234	0.05970149253731343	0.05970149253731343	0.1044776119402985	0.009950248756218905	0.009950248756218905
sp|P61175|RL22_ECOLI	0.11818181818181818	0.0	0.08181818181818182	0.03636363636363636	0.00909090909090909	0.03636363636363636	0.03636363636363636	0.08181818181818182	0.11818181818181818	0.07272727272727272	0.02727272727272727	0.02727272727272727	0.01818181818181818	0.01818181818181818	0.09090909090909091	0.06363636363636363	0.05454545454545454	0.1	0.0	0.00909090909090909
sp|O32163|SUFU_BACSU	0.07482993197278912	0.02040816326530612	0.09523809523809523	0.061224489795918366	0.027210884353741496	0.08163265306122448	0.006802721088435374	0.07482993197278912	0.08843537414965986	0.06802721088435375	0.06802721088435375	0.05442176870748299	0.02040816326530612	0.027210884353741496	0.034013605442176874	0.08163265306122448	0.04081632653061224	0.047619047619047616	0.006802721088435374	0.02040816326530612
sp|P0A7V8|RS4_ECOLI	0.08737864077669903	0.0048543689320388345	0.038834951456310676	0.0825242718446602	0.019417475728155338	0.07281553398058252	0.014563106796116505	0.038834951456310676	0.0970873786407767	0.10194174757281553	0.019417475728155338	0.038834951456310676	0.02912621359223301	0.043689320388349516	0.10679611650485436	0.05339805825242718	0.02912621359223301	0.07766990291262135	0.0048543689320388345	0.038834951456310676
sp|Q3L887|FADE5_MYCS2	0.11947626841243862	0.0016366612111292963	0.06382978723404255	0.07037643207855974	0.04746317512274959	0.09656301145662848	0.022913256955810146	0.05073649754500818	0.049099836333878884	0.09165302782324058	0.03436988543371522	0.029459901800327332	0.03273322422258593	0.03927986906710311	0.0425531914893617	0.0425531914893617	0.062193126022913256	0.06382978723404255	0.011456628477905073	0.027823240589198037
sp|P0ACB4|HEMG_ECOLI	0.08839779005524862	0.0055248618784530384	0.04419889502762431	0.06629834254143646	0.03867403314917127	0.03867403314917127	0.027624309392265192	0.055248618784530384	0.06629834254143646	0.06629834254143646	0.03314917127071823	0.03867403314917127	0.03867403314917127	0.03867403314917127	0.09392265193370165	0.06077348066298342	0.06077348066298342	0.06077348066298342	0.022099447513812154	0.055248618784530384
sp|P69931|HDA_ECOLI	0.07296137339055794	0.012875536480686695	0.07725321888412018	0.06437768240343347	0.034334763948497854	0.060085836909871244	0.017167381974248927	0.04721030042918455	0.034334763948497854	0.18025751072961374	0.02145922746781116	0.02575107296137339	0.05150214592274678	0.04721030042918455	0.0815450643776824	0.05150214592274678	0.03862660944206009	0.034334763948497854	0.02145922746781116	0.02575107296137339
sp|P39662|HMP_CUPNH	0.0967741935483871	0.004962779156327543	0.062034739454094295	0.062034739454094295	0.03225806451612903	0.07444168734491315	0.03225806451612903	0.05955334987593052	0.04714640198511166	0.08436724565756824	0.02977667493796526	0.03722084367245657	0.06699751861042183	0.05707196029776675	0.04466501240694789	0.04466501240694789	0.02481389578163772	0.08436724565756824	0.007444168734491315	0.04714640198511166
