#	A	C	D	E	F	G	H	I	K	L	M	N	P	Q	R	S	T	V	W	Y
VFG037176(gb|WP_001081735)	0.07340720221606649	0.008310249307479225	0.05817174515235457	0.04986149584487535	0.04709141274238227	0.07340720221606649	0.02077562326869806	0.037396121883656507	0.054016620498614956	0.0664819944598338	0.018005540166204988	0.05817174515235457	0.05817174515235457	0.060941828254847646	0.04155124653739612	0.05817174515235457	0.07340720221606649	0.07894736842105263	0.023545706371191136	0.04016620498614958
VFG037177(gb|WP_000632986)	0.0876010781671159	0.01078167115902965	0.07277628032345014	0.04582210242587601	0.04177897574123989	0.07277628032345014	0.025606469002695417	0.04851752021563342	0.05121293800539083	0.06873315363881402	0.01752021563342318	0.057951482479784364	0.06873315363881402	0.04043126684636118	0.05390835579514825	0.05929919137466307	0.05660377358490566	0.05121293800539083	0.02425876010781671	0.0444743935309973
VFG037203(gb|WP_000079188)	0.07763401109057301	0.0036968576709796672	0.06839186691312385	0.04805914972273567	0.036968576709796676	0.03512014787430684	0.033271719038817	0.05545286506469501	0.09057301293900184	0.11275415896487985	0.024029574861367836	0.06284658040665435	0.03512014787430684	0.04805914972273567	0.04436229205175601	0.066543438077634	0.038817005545286505	0.06099815157116451	0.014787430683918669	0.04251386321626617
VFG037218(gb|WP_000983821)	0.06940874035989718	0.012853470437017995	0.028277634961439587	0.09254498714652956	0.03598971722365039	0.04627249357326478	0.03598971722365039	0.06426735218508997	0.07455012853470437	0.10539845758354756	0.017994858611825194	0.07712082262210797	0.03598971722365039	0.05912596401028278	0.02570694087403599	0.06683804627249357	0.05141388174807198	0.06683804627249357	0.007712082262210797	0.02570694087403599
VFG037232(gb|WP_001093095)	0.05179282868525897	0.01195219123505976	0.0398406374501992	0.0796812749003984	0.07171314741035857	0.043824701195219126	0.03187250996015936	0.11952191235059761	0.10358565737051793	0.099601593625498	0.00796812749003984	0.055776892430278883	0.0199203187250996	0.06374501992031872	0.027888446215139442	0.055776892430278883	0.027888446215139442	0.035856573705179286	0.00398406374501992	0.04780876494023904
VFG037246(gb|WP_001032906)	0.040983606557377046	0.004098360655737705	0.06147540983606557	0.0778688524590164	0.045081967213114756	0.040983606557377046	0.045081967213114756	0.12295081967213115	0.06147540983606557	0.09016393442622951	0.028688524590163935	0.06967213114754098	0.05737704918032787	0.045081967213114756	0.03278688524590164	0.04918032786885246	0.03278688524590164	0.03278688524590164	0.01639344262295082	0.045081967213114756
VFG037260(gb|WP_001095752)	0.14124293785310735	0.0	0.03954802259887006	0.05273069679849341	0.035781544256120526	0.06591337099811675	0.022598870056497175	0.08851224105461393	0.030131826741996232	0.1318267419962335	0.015065913370998116	0.030131826741996232	0.04331450094161959	0.047080979284369114	0.04896421845574388	0.05649717514124294	0.06779661016949153	0.060263653483992465	0.013182674199623353	0.009416195856873822
VFG037274(gb|WP_001281538)	0.14365671641791045	0.0	0.048507462686567165	0.026119402985074626	0.033582089552238806	0.055970149253731345	0.024253731343283583	0.06902985074626866	0.04477611940298507	0.15298507462686567	0.018656716417910446	0.027985074626865673	0.033582089552238806	0.04664179104477612	0.03731343283582089	0.07835820895522388	0.054104477611940295	0.0708955223880597	0.011194029850746268	0.022388059701492536
VFG037288(gb|WP_000603876)	0.07049608355091384	0.020887728459530026	0.0731070496083551	0.04177545691906005	0.057441253263707574	0.057441253263707574	0.0391644908616188	0.09921671018276762	0.044386422976501305	0.057441253263707574	0.031331592689295036	0.044386422976501305	0.033942558746736295	0.044386422976501305	0.05221932114882506	0.0731070496083551	0.04960835509138381	0.04699738903394256	0.015665796344647518	0.04699738903394256
VFG037302(gb|WP_001018264)	0.07612456747404844	0.006920415224913495	0.06228373702422145	0.0726643598615917	0.02768166089965398	0.04498269896193772	0.020761245674740483	0.06920415224913495	0.031141868512110725	0.10380622837370242	0.02768166089965398	0.04152249134948097	0.04498269896193772	0.06920415224913495	0.05536332179930796	0.06920415224913495	0.04498269896193772	0.06920415224913495	0.02768166089965398	0.03460207612456748
VFG037316(gb|WP_000744381)	0.06826568265682657	0.014760147601476014	0.04797047970479705	0.06826568265682657	0.03690036900369004	0.06088560885608856	0.027675276752767528	0.06826568265682657	0.046125461254612546	0.11254612546125461	0.01845018450184502	0.04428044280442804	0.05350553505535055	0.06088560885608856	0.046125461254612546	0.07195571955719557	0.04059040590405904	0.07195571955719557	0.007380073800738007	0.033210332103321034
VFG037330(gb|WP_001177743)	0.06428571428571428	0.007142857142857143	0.05918367346938776	0.05204081632653061	0.05	0.03469387755102041	0.03775510204081633	0.07448979591836735	0.04693877551020408	0.12653061224489795	0.019387755102040816	0.04897959183673469	0.04285714285714286	0.07040816326530612	0.04591836734693878	0.07959183673469387	0.05102040816326531	0.04795918367346939	0.017346938775510204	0.02346938775510204
VFG037344(gb|WP_000717759)	0.06422018348623854	0.027522935779816515	0.0481651376146789	0.06651376146788991	0.045871559633027525	0.07339449541284404	0.034403669724770644	0.07110091743119266	0.05733944954128441	0.0963302752293578	0.011467889908256881	0.027522935779816515	0.04357798165137615	0.06651376146788991	0.0481651376146789	0.07339449541284404	0.04128440366972477	0.045871559633027525	0.013761467889908258	0.04357798165137615
VFG037358(gb|WP_001073030)	0.08157894736842106	0.0013157894736842105	0.056578947368421055	0.04078947368421053	0.039473684210526314	0.0881578947368421	0.010526315789473684	0.05	0.06184210526315789	0.07368421052631578	0.02236842105263158	0.06842105263157895	0.042105263157894736	0.03684210526315789	0.034210526315789476	0.07368421052631578	0.09342105263157895	0.06447368421052632	0.011842105263157895	0.04868421052631579
VFG037372(gb|WP_001104139)	0.09627329192546584	0.003105590062111801	0.062111801242236024	0.043478260869565216	0.034161490683229816	0.046583850931677016	0.034161490683229816	0.07142857142857142	0.07763975155279502	0.08074534161490683	0.031055900621118012	0.062111801242236024	0.046583850931677016	0.055900621118012424	0.031055900621118012	0.046583850931677016	0.049689440993788817	0.08695652173913043	0.009316770186335404	0.031055900621118012
VFG037386(gb|WP_000582115)	0.06640625	0.01171875	0.0546875	0.06640625	0.04296875	0.0625	0.03125	0.07421875	0.04296875	0.11328125	0.03515625	0.0625	0.03125	0.05078125	0.046875	0.05078125	0.05859375	0.06640625	0.0	0.03125
VFG037400(gb|WP_001223274)	0.06984126984126984	0.015873015873015872	0.012698412698412698	0.015873015873015872	0.06984126984126984	0.06666666666666667	0.022222222222222223	0.10476190476190476	0.022222222222222223	0.16507936507936508	0.022222222222222223	0.03492063492063492	0.025396825396825397	0.02857142857142857	0.0380952380952381	0.05714285714285714	0.05714285714285714	0.1111111111111111	0.015873015873015872	0.044444444444444446
VFG037414(gb|WP_012391956)	0.07792207792207792	0.01948051948051948	0.00974025974025974	0.03571428571428571	0.06493506493506493	0.08766233766233766	0.012987012987012988	0.1331168831168831	0.01948051948051948	0.14285714285714285	0.022727272727272728	0.016233766233766232	0.032467532467532464	0.01948051948051948	0.03571428571428571	0.08116883116883117	0.05519480519480519	0.09090909090909091	0.00974025974025974	0.032467532467532464
VFG037428(gb|WP_000939834)	0.08136094674556213	0.0029585798816568047	0.05473372781065089	0.0621301775147929	0.06360946745562131	0.03106508875739645	0.03698224852071006	0.0695266272189349	0.042899408284023666	0.10798816568047337	0.019230769230769232	0.060650887573964495	0.04142011834319527	0.07988165680473373	0.03254437869822485	0.07100591715976332	0.060650887573964495	0.038461538461538464	0.013313609467455622	0.029585798816568046
VFG037442(gb|WP_000910253)	0.06666666666666667	0.014634146341463415	0.04715447154471545	0.06504065040650407	0.030894308943089432	0.04227642276422764	0.014634146341463415	0.08130081300813008	0.056910569105691054	0.0943089430894309	0.024390243902439025	0.06341463414634146	0.03414634146341464	0.056910569105691054	0.032520325203252036	0.08292682926829269	0.06829268292682927	0.07479674796747968	0.00975609756097561	0.03902439024390244
VFG037456(gb|WP_000160878)	0.08041958041958042	0.0034965034965034965	0.055944055944055944	0.08391608391608392	0.038461538461538464	0.038461538461538464	0.04195804195804196	0.08391608391608392	0.06643356643356643	0.0979020979020979	0.017482517482517484	0.05244755244755245	0.04895104895104895	0.06643356643356643	0.038461538461538464	0.05244755244755245	0.038461538461538464	0.04895104895104895	0.017482517482517484	0.027972027972027972
VFG037470(gb|WP_001105554)	0.06418918918918919	0.013513513513513514	0.04391891891891892	0.060810810810810814	0.02364864864864865	0.05405405405405406	0.02702702702702703	0.057432432432432436	0.05067567567567568	0.14189189189189189	0.02364864864864865	0.057432432432432436	0.04391891891891892	0.05405405405405406	0.04391891891891892	0.07094594594594594	0.060810810810810814	0.057432432432432436	0.013513513513513514	0.037162162162162164
VFG037482(gb|WP_004748062)	0.08092485549132948	0.028901734104046242	0.06358381502890173	0.057803468208092484	0.017341040462427744	0.028901734104046242	0.023121387283236993	0.07514450867052024	0.06358381502890173	0.1329479768786127	0.03468208092485549	0.03468208092485549	0.011560693641618497	0.11560693641618497	0.05202312138728324	0.046242774566473986	0.04046242774566474	0.03468208092485549	0.011560693641618497	0.046242774566473986
VFG037490(gb|WP_001240499)	0.08875739644970414	0.0029585798816568047	0.047337278106508875	0.04437869822485207	0.029585798816568046	0.047337278106508875	0.03550295857988166	0.04437869822485207	0.09763313609467456	0.09763313609467456	0.020710059171597635	0.038461538461538464	0.023668639053254437	0.08875739644970414	0.029585798816568046	0.05325443786982249	0.07988165680473373	0.09763313609467456	0.011834319526627219	0.020710059171597635
VFG037497(gb|WP_085947929)	0.06866537717601548	0.0019342359767891683	0.06576402321083172	0.04932301740812379	0.041586073500967116	0.07640232108317214	0.010638297872340425	0.043520309477756286	0.0551257253384913	0.08027079303675048	0.019342359767891684	0.06479690522243714	0.048355899419729204	0.0425531914893617	0.04932301740812379	0.07736943907156674	0.06963249516441006	0.059961315280464215	0.017408123791102514	0.058027079303675046
VFG037505(gb|WP_002002089)	0.16730038022813687	0.0038022813688212928	0.022813688212927757	0.015209125475285171	0.06463878326996197	0.1444866920152091	0.015209125475285171	0.030418250950570342	0.022813688212927757	0.053231939163498096	0.0076045627376425855	0.07984790874524715	0.030418250950570342	0.034220532319391636	0.0	0.09885931558935361	0.10266159695817491	0.06844106463878327	0.0076045627376425855	0.030418250950570342
VFG037513(gb|WP_085947930)	0.07581967213114754	0.004098360655737705	0.04918032786885246	0.05942622950819672	0.05122950819672131	0.05327868852459016	0.02663934426229508	0.036885245901639344	0.06762295081967214	0.10450819672131148	0.012295081967213115	0.05122950819672131	0.02459016393442623	0.07581967213114754	0.0430327868852459	0.07991803278688525	0.05737704918032787	0.0471311475409836	0.020491803278688523	0.05942622950819672
VFG037521(gb|WP_000837764)	0.0457516339869281	0.0032679738562091504	0.042483660130718956	0.0457516339869281	0.029411764705882353	0.032679738562091505	0.026143790849673203	0.032679738562091505	0.0915032679738562	0.08496732026143791	0.016339869281045753	0.05228758169934641	0.06862745098039216	0.08823529411764706	0.042483660130718956	0.10130718954248366	0.0784313725490196	0.10130718954248366	0.0032679738562091504	0.013071895424836602
VFG037529(gb|WP_002062720)	0.10552763819095477	0.0	0.05025125628140704	0.09045226130653267	0.06030150753768844	0.07035175879396985	0.020100502512562814	0.035175879396984924	0.05527638190954774	0.11557788944723618	0.020100502512562814	0.03015075376884422	0.020100502512562814	0.10050251256281408	0.04522613065326633	0.07035175879396985	0.03015075376884422	0.04020100502512563	0.010050251256281407	0.03015075376884422
VFG037537(gb|WP_000359621)	0.10273972602739725	0.0136986301369863	0.0136986301369863	0.0273972602739726	0.04794520547945205	0.04794520547945205	0.03424657534246575	0.08904109589041095	0.06164383561643835	0.11643835616438356	0.0547945205479452	0.02054794520547945	0.06164383561643835	0.03424657534246575	0.0547945205479452	0.0547945205479452	0.02054794520547945	0.06164383561643835	0.06164383561643835	0.02054794520547945
VFG037547(gb|WP_000061137)	0.06593406593406594	0.04395604395604396	0.02197802197802198	0.02197802197802198	0.054945054945054944	0.054945054945054944	0.04395604395604396	0.03296703296703297	0.06593406593406594	0.12087912087912088	0.054945054945054944	0.02197802197802198	0.03296703296703297	0.04395604395604396	0.06593406593406594	0.13186813186813187	0.02197802197802198	0.04395604395604396	0.0	0.054945054945054944
VFG037560(gb|WP_000790104)	0.11797752808988764	0.011235955056179775	0.06179775280898876	0.016853932584269662	0.033707865168539325	0.10112359550561797	0.0	0.03932584269662921	0.0449438202247191	0.056179775280898875	0.011235955056179775	0.07865168539325842	0.028089887640449437	0.05056179775280899	0.02247191011235955	0.0449438202247191	0.1348314606741573	0.11235955056179775	0.0056179775280898875	0.028089887640449437
VFG037586(gb|WP_000876480)	0.05232558139534884	0.011627906976744186	0.03488372093023256	0.046511627906976744	0.03488372093023256	0.046511627906976744	0.005813953488372093	0.08139534883720931	0.06976744186046512	0.08139534883720931	0.029069767441860465	0.12209302325581395	0.03488372093023256	0.029069767441860465	0.023255813953488372	0.12209302325581395	0.046511627906976744	0.05232558139534884	0.011627906976744186	0.06395348837209303
VFG037599(gb|WP_001988023)	0.08303249097472924	0.0036101083032490976	0.039711191335740074	0.05415162454873646	0.036101083032490974	0.061371841155234655	0.007220216606498195	0.07581227436823104	0.09747292418772563	0.09025270758122744	0.02527075812274368	0.061371841155234655	0.039711191335740074	0.05776173285198556	0.02527075812274368	0.09747292418772563	0.05054151624548736	0.05054151624548736	0.01444043321299639	0.02888086642599278
VFG037612(gb|WP_000603301)	0.04567307692307692	0.004807692307692308	0.06009615384615385	0.036057692307692304	0.05048076923076923	0.07451923076923077	0.009615384615384616	0.05048076923076923	0.051682692307692304	0.09254807692307693	0.007211538461538462	0.08173076923076923	0.04326923076923077	0.05048076923076923	0.039663461538461536	0.0985576923076923	0.05889423076923077	0.08052884615384616	0.010817307692307692	0.052884615384615384
VFG037625(gb|WP_001022730)	0.06489675516224189	0.014749262536873156	0.035398230088495575	0.032448377581120944	0.05309734513274336	0.09144542772861357	0.008849557522123894	0.05014749262536873	0.038348082595870206	0.0855457227138643	0.029498525073746312	0.0855457227138643	0.04129793510324484	0.04424778761061947	0.029498525073746312	0.11799410029498525	0.061946902654867256	0.07079646017699115	0.011799410029498525	0.032448377581120944
VFG037638(gb|WP_193759656)	0.10187932739861523	0.0	0.08605341246290801	0.02324431256181998	0.025222551928783383	0.10682492581602374	0.012858555885262116	0.050939663699307615	0.008902077151335312	0.09297725024727992	0.004945598417408506	0.06874381800197824	0.028189910979228485	0.03857566765578635	0.00741839762611276	0.06083086053412463	0.12660731948565776	0.10880316518298715	0.006923837784371909	0.040059347181008904
VFG037664(gb|WP_001061322)	0.06568144499178982	0.0049261083743842365	0.052545155993431854	0.04926108374384237	0.041050903119868636	0.05090311986863711	0.0180623973727422	0.047619047619047616	0.0722495894909688	0.13464696223316913	0.016420361247947456	0.06896551724137931	0.03940886699507389	0.08538587848932677	0.027914614121510674	0.07060755336617405	0.05582922824302135	0.04926108374384237	0.011494252873563218	0.03776683087027915
VFG037678(gb|WP_000866237)	0.060240963855421686	0.012048192771084338	0.043373493975903614	0.04096385542168675	0.06987951807228916	0.060240963855421686	0.016867469879518072	0.07951807228915662	0.04096385542168675	0.1180722891566265	0.02891566265060241	0.024096385542168676	0.043373493975903614	0.04819277108433735	0.06506024096385542	0.05301204819277108	0.03614457831325301	0.07951807228915662	0.04096385542168675	0.03855421686746988
VFG037692(gb|WP_000786639)	0.03896103896103896	0.006493506493506494	0.06493506493506493	0.05844155844155844	0.03896103896103896	0.032467532467532464	0.032467532467532464	0.07142857142857142	0.045454545454545456	0.17532467532467533	0.01948051948051948	0.03896103896103896	0.025974025974025976	0.03896103896103896	0.032467532467532464	0.07792207792207792	0.03896103896103896	0.06493506493506493	0.03896103896103896	0.05844155844155844
VFG037705(gb|WP_000010636)	0.12315270935960591	0.0	0.05172413793103448	0.034482758620689655	0.027093596059113302	0.0665024630541872	0.007389162561576354	0.054187192118226604	0.034482758620689655	0.08374384236453201	0.009852216748768473	0.05665024630541872	0.054187192118226604	0.06896551724137931	0.0665024630541872	0.07635467980295567	0.06896551724137931	0.09113300492610837	0.0024630541871921183	0.022167487684729065
VFG037720(gb|WP_001027056)	0.11709159584513693	0.0009442870632672333	0.039660056657223795	0.03493862134088763	0.04815864022662889	0.06893295561850803	0.009442870632672332	0.06421152030217187	0.033050047214353166	0.10859301227573183	0.02927289896128423	0.04343720491029273	0.05288007554296506	0.05004721435316336	0.04627006610009443	0.06893295561850803	0.05193578847969783	0.09820585457979225	0.004721435316336166	0.02927289896128423
VFG037735(gb|WP_000633124)	0.14937759336099585	0.002074688796680498	0.04564315352697095	0.04979253112033195	0.022821576763485476	0.06016597510373444	0.008298755186721992	0.05186721991701245	0.03112033195020747	0.13278008298755187	0.008298755186721992	0.04979253112033195	0.03734439834024896	0.08506224066390042	0.06639004149377593	0.08506224066390042	0.04149377593360996	0.035269709543568464	0.014522821576763486	0.022821576763485476
VFG037747(gb|WP_001984639)	0.08256880733944955	0.0030581039755351682	0.039755351681957186	0.06422018348623854	0.045871559633027525	0.04281345565749235	0.027522935779816515	0.0764525993883792	0.0672782874617737	0.08868501529051988	0.024464831804281346	0.05198776758409786	0.04892966360856269	0.045871559633027525	0.05504587155963303	0.06116207951070336	0.07033639143730887	0.05198776758409786	0.012232415902140673	0.039755351681957186
VFG037762(gb|WP_000078878)	0.07395498392282958	0.00964630225080386	0.05144694533762058	0.05144694533762058	0.04501607717041801	0.05787781350482315	0.028938906752411574	0.06752411575562701	0.05787781350482315	0.09646302250803858	0.028938906752411574	0.03215434083601286	0.06109324758842444	0.05787781350482315	0.05787781350482315	0.022508038585209004	0.05144694533762058	0.05787781350482315	0.03536977491961415	0.05466237942122187
VFG037777(gb|WP_000867091)	0.06830601092896176	0.00819672131147541	0.03278688524590164	0.06557377049180328	0.030054644808743168	0.060109289617486336	0.040983606557377046	0.060109289617486336	0.05191256830601093	0.11202185792349727	0.01639344262295082	0.03825136612021858	0.05191256830601093	0.06557377049180328	0.04918032786885246	0.07103825136612021	0.04644808743169399	0.09016393442622951	0.01366120218579235	0.0273224043715847
VFG037792(gb|WP_000064875)	0.0648854961832061	0.019083969465648856	0.04580152671755725	0.04580152671755725	0.026717557251908396	0.10687022900763359	0.05725190839694656	0.1183206106870229	0.04198473282442748	0.06870229007633588	0.019083969465648856	0.061068702290076333	0.026717557251908396	0.04580152671755725	0.030534351145038167	0.07633587786259542	0.03816793893129771	0.08015267175572519	0.007633587786259542	0.019083969465648856
VFG037807(gb|WP_000013434)	0.07672634271099744	0.005115089514066497	0.03836317135549872	0.07161125319693094	0.03324808184143223	0.061381074168797956	0.02557544757033248	0.09462915601023018	0.07161125319693094	0.11253196930946291	0.03580562659846547	0.04092071611253197	0.05370843989769821	0.0639386189258312	0.030690537084398978	0.043478260869565216	0.03580562659846547	0.06905370843989769	0.010230179028132993	0.02557544757033248
VFG037822(gb|WP_000240700)	0.07666666666666666	0.006666666666666667	0.08666666666666667	0.05	0.06	0.07666666666666666	0.02666666666666667	0.08666666666666667	0.056666666666666664	0.09	0.023333333333333334	0.05	0.043333333333333335	0.03333333333333333	0.03	0.05333333333333334	0.04	0.08333333333333333	0.0	0.02666666666666667
VFG037837(gb|WP_000868104)	0.07865168539325842	0.016853932584269662	0.05337078651685393	0.047752808988764044	0.028089887640449437	0.09269662921348315	0.0449438202247191	0.09831460674157304	0.05898876404494382	0.08426966292134831	0.008426966292134831	0.05898876404494382	0.014044943820224719	0.03651685393258427	0.033707865168539325	0.07303370786516854	0.06460674157303371	0.08146067415730338	0.0056179775280898875	0.019662921348314606
VFG037852(gb|WP_001075965)	0.07692307692307693	0.0027472527472527475	0.057692307692307696	0.061813186813186816	0.028846153846153848	0.04532967032967033	0.01098901098901099	0.08104395604395605	0.07967032967032966	0.12225274725274725	0.013736263736263736	0.046703296703296704	0.03296703296703297	0.0673076923076923	0.03708791208791209	0.07005494505494506	0.057692307692307696	0.06318681318681318	0.0027472527472527475	0.04120879120879121
VFG037867(gb|WP_001165990)	0.07042253521126761	0.035211267605633804	0.04225352112676056	0.06338028169014084	0.02112676056338028	0.04929577464788732	0.035211267605633804	0.09859154929577464	0.07746478873239436	0.08450704225352113	0.035211267605633804	0.04929577464788732	0.04929577464788732	0.1056338028169014	0.028169014084507043	0.028169014084507043	0.028169014084507043	0.04225352112676056	0.02112676056338028	0.035211267605633804
VFG037882(gb|WP_000872593)	0.060109289617486336	0.00546448087431694	0.04918032786885246	0.030054644808743168	0.0273224043715847	0.07650273224043716	0.00819672131147541	0.06557377049180328	0.03278688524590164	0.09562841530054644	0.01639344262295082	0.06830601092896176	0.04371584699453552	0.07650273224043716	0.05191256830601093	0.07650273224043716	0.07103825136612021	0.07923497267759563	0.00546448087431694	0.060109289617486336
VFG037912(gb|WP_000939040)	0.06626506024096386	0.006024096385542169	0.06325301204819277	0.07530120481927711	0.04216867469879518	0.07530120481927711	0.018072289156626505	0.07228915662650602	0.08734939759036145	0.05421686746987952	0.0391566265060241	0.04216867469879518	0.04216867469879518	0.024096385542168676	0.0391566265060241	0.05421686746987952	0.05120481927710843	0.09036144578313253	0.015060240963855422	0.04216867469879518
VFG037927(gb|WP_000470518)	0.07772020725388601	0.012953367875647668	0.05181347150259067	0.07253886010362694	0.038860103626943004	0.05699481865284974	0.025906735751295335	0.06476683937823834	0.07512953367875648	0.10621761658031088	0.018134715025906734	0.03626943005181347	0.05181347150259067	0.05181347150259067	0.023316062176165803	0.046632124352331605	0.05181347150259067	0.07253886010362694	0.0051813471502590676	0.05958549222797927
VFG037942(gb|WP_001175206)	0.11304347826086956	0.013043478260869565	0.08260869565217391	0.05652173913043478	0.06521739130434782	0.0391304347826087	0.021739130434782608	0.05217391304347826	0.05217391304347826	0.0782608695652174	0.021739130434782608	0.02608695652173913	0.05217391304347826	0.06956521739130435	0.04782608695652174	0.05217391304347826	0.04782608695652174	0.06086956521739131	0.02608695652173913	0.021739130434782608
VFG037957(gb|WP_000666850)	0.0821917808219178	0.024657534246575342	0.057534246575342465	0.06301369863013699	0.030136986301369864	0.0547945205479452	0.03561643835616438	0.07397260273972603	0.04657534246575343	0.12602739726027398	0.03287671232876712	0.0410958904109589	0.03287671232876712	0.06575342465753424	0.038356164383561646	0.049315068493150684	0.038356164383561646	0.0547945205479452	0.019178082191780823	0.03287671232876712
VFG037972(gb|WP_000886731)	0.03508771929824561	0.0	0.07017543859649122	0.05847953216374269	0.08187134502923976	0.07602339181286549	0.03508771929824561	0.05263157894736842	0.07017543859649122	0.11695906432748537	0.03508771929824561	0.06432748538011696	0.017543859649122806	0.07017543859649122	0.05847953216374269	0.03508771929824561	0.023391812865497075	0.03508771929824561	0.029239766081871343	0.03508771929824561
VFG037987(gb|WP_000037963)	0.08882521489971347	0.014326647564469915	0.07449856733524356	0.06303724928366762	0.034383954154727794	0.07163323782234957	0.02005730659025788	0.0659025787965616	0.0659025787965616	0.09742120343839542	0.02005730659025788	0.03724928366762178	0.04871060171919771	0.03724928366762178	0.034383954154727794	0.06876790830945559	0.054441260744985676	0.054441260744985676	0.011461318051575931	0.03724928366762178
VFG038002(gb|WP_000172211)	0.05853658536585366	0.014634146341463415	0.02195121951219512	0.03170731707317073	0.08048780487804878	0.046341463414634146	0.014634146341463415	0.12682926829268293	0.06829268292682927	0.17804878048780487	0.01951219512195122	0.026829268292682926	0.01707317073170732	0.024390243902439025	0.02195121951219512	0.07317073170731707	0.03170731707317073	0.07804878048780488	0.01951219512195122	0.046341463414634146
VFG038017(gb|WP_001010045)	0.03333333333333333	0.004166666666666667	0.06458333333333334	0.058333333333333334	0.075	0.03333333333333333	0.01875	0.08541666666666667	0.09583333333333334	0.09583333333333334	0.010416666666666666	0.09583333333333334	0.029166666666666667	0.027083333333333334	0.035416666666666666	0.06875	0.022916666666666665	0.05625	0.00625	0.08333333333333333
VFG038047(gb|WP_000994240)	0.024630541871921183	0.009852216748768473	0.054187192118226604	0.024630541871921183	0.09852216748768473	0.034482758620689655	0.019704433497536946	0.12315270935960591	0.06896551724137931	0.10837438423645321	0.019704433497536946	0.10837438423645321	0.0	0.024630541871921183	0.029556650246305417	0.08374384236453201	0.029556650246305417	0.054187192118226604	0.014778325123152709	0.06896551724137931
VFG038062(gb|WP_000515955)	0.029197080291970802	0.0036496350364963502	0.058394160583941604	0.043795620437956206	0.0948905109489051	0.0364963503649635	0.032846715328467155	0.08029197080291971	0.08394160583941605	0.09854014598540146	0.014598540145985401	0.0948905109489051	0.021897810218978103	0.029197080291970802	0.06204379562043796	0.06204379562043796	0.040145985401459854	0.06204379562043796	0.01824817518248175	0.032846715328467155
VFG038091(gb|WP_000826956)	0.043689320388349516	0.0048543689320388345	0.06796116504854369	0.04854368932038835	0.05825242718446602	0.06796116504854369	0.009708737864077669	0.06310679611650485	0.08737864077669903	0.09223300970873786	0.043689320388349516	0.043689320388349516	0.06310679611650485	0.03398058252427184	0.06310679611650485	0.05825242718446602	0.02912621359223301	0.08737864077669903	0.009708737864077669	0.024271844660194174
VFG038105(gb|WP_000591436)	0.07903780068728522	0.006872852233676976	0.054982817869415807	0.06872852233676977	0.024054982817869417	0.06529209621993128	0.024054982817869417	0.07216494845360824	0.06529209621993128	0.09621993127147767	0.027491408934707903	0.030927835051546393	0.05154639175257732	0.061855670103092786	0.030927835051546393	0.06872852233676977	0.03436426116838488	0.10996563573883161	0.0	0.027491408934707903
VFG038119(gb|WP_000686134)	0.0880952380952381	0.014285714285714285	0.04523809523809524	0.05952380952380952	0.04285714285714286	0.06666666666666667	0.03333333333333333	0.06666666666666667	0.05238095238095238	0.10714285714285714	0.02142857142857143	0.04047619047619048	0.03571428571428571	0.05476190476190476	0.030952380952380953	0.06190476190476191	0.05	0.06428571428571428	0.01904761904761905	0.04523809523809524
VFG038132(gb|WP_000045495)	0.0737410071942446	0.01079136690647482	0.046762589928057555	0.05575539568345324	0.044964028776978415	0.06294964028776978	0.03776978417266187	0.05755395683453238	0.06294964028776978	0.12410071942446044	0.01618705035971223	0.048561151079136694	0.0341726618705036	0.07553956834532374	0.02877697841726619	0.06294964028776978	0.044964028776978415	0.06294964028776978	0.019784172661870502	0.02877697841726619
VFG038144(gb|WP_001062908)	0.08284023668639054	0.008875739644970414	0.05029585798816568	0.0621301775147929	0.03254437869822485	0.09171597633136094	0.020710059171597635	0.05325443786982249	0.047337278106508875	0.08284023668639054	0.01775147928994083	0.07692307692307693	0.03550295857988166	0.047337278106508875	0.038461538461538464	0.06804733727810651	0.04437869822485207	0.08579881656804733	0.014792899408284023	0.038461538461538464
VFG038155(gb|WP_000209960)	0.07675438596491228	0.010964912280701754	0.06359649122807018	0.07017543859649122	0.05043859649122807	0.07675438596491228	0.02631578947368421	0.07675438596491228	0.05263157894736842	0.08114035087719298	0.021929824561403508	0.05701754385964912	0.03508771929824561	0.041666666666666664	0.039473684210526314	0.043859649122807015	0.06140350877192982	0.06798245614035088	0.008771929824561403	0.03728070175438596
VFG038176(gb|WP_000777882)	0.12640449438202248	0.0	0.05337078651685393	0.06460674157303371	0.03089887640449438	0.08426966292134831	0.011235955056179775	0.028089887640449437	0.05337078651685393	0.09269662921348315	0.011235955056179775	0.07303370786516854	0.05056179775280899	0.03932584269662921	0.0449438202247191	0.0449438202247191	0.0702247191011236	0.07303370786516854	0.011235955056179775	0.03651685393258427
VFG038191(gb|WP_002023245)	0.0851063829787234	0.02127659574468085	0.03723404255319149	0.06914893617021277	0.05851063829787234	0.05851063829787234	0.005319148936170213	0.07446808510638298	0.02127659574468085	0.09574468085106383	0.026595744680851064	0.05319148936170213	0.06914893617021277	0.047872340425531915	0.05319148936170213	0.0851063829787234	0.03723404255319149	0.05319148936170213	0.010638297872340425	0.03723404255319149
VFG038205(gb|WP_000446779)	0.08403361344537816	0.008403361344537815	0.03361344537815126	0.07142857142857142	0.03361344537815126	0.037815126050420166	0.012605042016806723	0.05042016806722689	0.06302521008403361	0.09663865546218488	0.03361344537815126	0.058823529411764705	0.02100840336134454	0.07142857142857142	0.04201680672268908	0.08823529411764706	0.0546218487394958	0.06722689075630252	0.029411764705882353	0.04201680672268908
VFG038249(gb|WP_003384760)	0.1206896551724138	0.0028735632183908046	0.03735632183908046	0.034482758620689655	0.017241379310344827	0.06609195402298851	0.008620689655172414	0.03735632183908046	0.03735632183908046	0.10057471264367816	0.031609195402298854	0.08333333333333333	0.04310344827586207	0.022988505747126436	0.05459770114942529	0.11206896551724138	0.08908045977011494	0.06609195402298851	0.008620689655172414	0.02586206896551724
VFG050303(gb|WP_001045628.1)	0.11600429645542427	0.001611170784103115	0.06498388829215897	0.0359828141783029	0.010741138560687433	0.13426423200859292	0.007518796992481203	0.07303974221267455	0.08270676691729323	0.043501611170784105	0.005907626208378088	0.10311493018259936	0.011278195488721804	0.04457572502685284	0.017722878625134265	0.07303974221267455	0.09613319011815252	0.06659505907626208	0.0021482277121374865	0.009129967776584319
VFG050313(gb|WP_004644147.1)	0.08522727272727272	0.002840909090909091	0.0625	0.07670454545454546	0.036931818181818184	0.045454545454545456	0.011363636363636364	0.05397727272727273	0.04261363636363636	0.11931818181818182	0.03125	0.05397727272727273	0.048295454545454544	0.045454545454545456	0.048295454545454544	0.07102272727272728	0.048295454545454544	0.08806818181818182	0.002840909090909091	0.02556818181818182
VFG050328(gb|WP_000201227.1)	0.06572769953051644	0.004694835680751174	0.056338028169014086	0.07511737089201878	0.046948356807511735	0.06103286384976526	0.009389671361502348	0.03755868544600939	0.06103286384976526	0.107981220657277	0.028169014084507043	0.046948356807511735	0.03286384976525822	0.06103286384976526	0.056338028169014086	0.06103286384976526	0.07511737089201878	0.07981220657276995	0.014084507042253521	0.018779342723004695
VFG050342(gb|WP_000076098.1)	0.08130081300813008	0.0040650406504065045	0.052845528455284556	0.06910569105691057	0.056910569105691054	0.032520325203252036	0.008130081300813009	0.08130081300813008	0.07723577235772358	0.09349593495934959	0.012195121951219513	0.06504065040650407	0.04065040650406504	0.08943089430894309	0.02032520325203252	0.06910569105691057	0.052845528455284556	0.056910569105691054	0.008130081300813009	0.028455284552845527
VFG050357(gb|WP_000695065.1)	0.08571428571428572	0.011428571428571429	0.02857142857142857	0.05142857142857143	0.022857142857142857	0.05714285714285714	0.011428571428571429	0.08571428571428572	0.03428571428571429	0.08571428571428572	0.045714285714285714	0.05714285714285714	0.10285714285714286	0.07428571428571429	0.06285714285714286	0.045714285714285714	0.03428571428571429	0.06857142857142857	0.0	0.03428571428571429
VFG050372(gb|WP_001017033.1)	0.07073509015256588	0.0	0.06241331484049931	0.036061026352288486	0.026352288488210817	0.07628294036061026	0.005547850208044383	0.06934812760055478	0.05825242718446602	0.09015256588072122	0.022191400832177532	0.07212205270457697	0.038834951456310676	0.0651872399445215	0.03744798890429958	0.07905686546463246	0.08183079056865465	0.08460471567267684	0.005547850208044383	0.018030513176144243
VFG050414(gb|WP_002027454.1)	0.11654135338345864	0.007518796992481203	0.045112781954887216	0.06015037593984962	0.018796992481203006	0.05263157894736842	0.0037593984962406013	0.045112781954887216	0.06015037593984962	0.10902255639097744	0.041353383458646614	0.041353383458646614	0.02631578947368421	0.09022556390977443	0.06390977443609022	0.06015037593984962	0.045112781954887216	0.045112781954887216	0.007518796992481203	0.06015037593984962
VFG050428(gb|WP_000128073.1)	0.09030837004405286	0.0	0.022026431718061675	0.04185022026431718	0.013215859030837005	0.03524229074889868	0.019823788546255508	0.05726872246696035	0.08149779735682819	0.08149779735682819	0.01762114537444934	0.07488986784140969	0.06167400881057269	0.09691629955947137	0.03303964757709251	0.1013215859030837	0.1013215859030837	0.05066079295154185	0.0022026431718061676	0.01762114537444934
VFG050443(gb|WP_000993715.1)	0.14482758620689656	0.027586206896551724	0.034482758620689655	0.041379310344827586	0.006896551724137931	0.08275862068965517	0.0	0.10344827586206896	0.06896551724137931	0.07586206896551724	0.013793103448275862	0.06896551724137931	0.013793103448275862	0.034482758620689655	0.020689655172413793	0.06896551724137931	0.1310344827586207	0.034482758620689655	0.013793103448275862	0.013793103448275862
VFG050457(gb|WP_001274990.1)	0.07894736842105263	0.007017543859649123	0.05789473684210526	0.08070175438596491	0.03684210526315789	0.05263157894736842	0.01929824561403509	0.07017543859649122	0.05964912280701754	0.11052631578947368	0.02982456140350877	0.042105263157894736	0.05087719298245614	0.043859649122807015	0.05263157894736842	0.06842105263157895	0.05087719298245614	0.06666666666666667	0.0	0.021052631578947368
VFG050470(gb|WP_000279216.1)	0.10784313725490197	0.0024509803921568627	0.03676470588235294	0.061274509803921566	0.04656862745098039	0.06862745098039216	0.0024509803921568627	0.07352941176470588	0.0857843137254902	0.09313725490196079	0.058823529411764705	0.02696078431372549	0.031862745098039214	0.03676470588235294	0.0392156862745098	0.041666666666666664	0.051470588235294115	0.10294117647058823	0.004901960784313725	0.02696078431372549
VFG050484(gb|WP_001152285.1)	0.06643356643356643	0.027972027972027972	0.03146853146853147	0.02097902097902098	0.04895104895104895	0.07692307692307693	0.01048951048951049	0.11888111888111888	0.024475524475524476	0.15384615384615385	0.038461538461538464	0.03496503496503497	0.05944055944055944	0.05244755244755245	0.027972027972027972	0.038461538461538464	0.04195804195804196	0.05244755244755245	0.03146853146853147	0.04195804195804196
VFG050499(gb|WP_000755268.1)	0.057291666666666664	0.0078125	0.052083333333333336	0.044270833333333336	0.0234375	0.09114583333333333	0.0234375	0.07291666666666667	0.0546875	0.0859375	0.013020833333333334	0.049479166666666664	0.059895833333333336	0.059895833333333336	0.049479166666666664	0.057291666666666664	0.06510416666666667	0.08333333333333333	0.015625	0.033854166666666664
VFG050514(gb|WP_001214067.1)	0.09554140127388536	0.012738853503184714	0.025477707006369428	0.044585987261146494	0.01910828025477707	0.044585987261146494	0.0	0.08280254777070063	0.050955414012738856	0.12738853503184713	0.03184713375796178	0.10191082802547771	0.01910828025477707	0.044585987261146494	0.03184713375796178	0.08917197452229299	0.11464968152866242	0.05732484076433121	0.006369426751592357	0.0
VFG050527(gb|WP_002194578.1)	0.10752688172043011	0.03225806451612903	0.021505376344086023	0.021505376344086023	0.026881720430107527	0.053763440860215055	0.010752688172043012	0.03225806451612903	0.021505376344086023	0.0967741935483871	0.053763440860215055	0.07526881720430108	0.026881720430107527	0.06989247311827956	0.03763440860215054	0.0967741935483871	0.08602150537634409	0.08064516129032258	0.005376344086021506	0.043010752688172046
VFG050540(gb|WP_000079192.1)	0.12612612612612611	0.006006006006006006	0.05105105105105105	0.024024024024024024	0.03303303303303303	0.06606606606606606	0.012012012012012012	0.08108108108108109	0.018018018018018018	0.0990990990990991	0.015015015015015015	0.0960960960960961	0.036036036036036036	0.06306306306306306	0.05105105105105105	0.06306306306306306	0.06606606606606606	0.06306306306306306	0.003003003003003003	0.02702702702702703
VFG050554(gb|WP_000149377.1)	0.09191176470588236	0.014705882352941176	0.04411764705882353	0.03308823529411765	0.029411764705882353	0.05514705882352941	0.011029411764705883	0.0661764705882353	0.03676470588235294	0.09926470588235294	0.014705882352941176	0.06985294117647059	0.04411764705882353	0.04779411764705882	0.029411764705882353	0.10661764705882353	0.10294117647058823	0.08088235294117647	0.0	0.022058823529411766
VFG050567(gb|WP_000768964.1)	0.08177570093457943	0.012461059190031152	0.05763239875389408	0.024922118380062305	0.03115264797507788	0.09423676012461059	0.00778816199376947	0.045171339563862926	0.042834890965732085	0.07165109034267912	0.01791277258566978	0.08099688473520249	0.04906542056074766	0.029595015576323987	0.04205607476635514	0.10046728971962617	0.0895638629283489	0.05763239875389408	0.012461059190031152	0.050623052959501556
VFG050581(gb|WP_001046420.1)	0.08125	0.025	0.03125	0.0375	0.0375	0.05625	0.00625	0.08125	0.0375	0.06875	0.0125	0.08125	0.0125	0.05	0.05	0.09375	0.1375	0.05625	0.0125	0.03125
VFG050595(gb|WP_000788342.1)	0.12056737588652482	0.014184397163120567	0.02127659574468085	0.03546099290780142	0.02127659574468085	0.05673758865248227	0.014184397163120567	0.09929078014184398	0.0425531914893617	0.07801418439716312	0.028368794326241134	0.04964539007092199	0.028368794326241134	0.06382978723404255	0.02127659574468085	0.10638297872340426	0.0851063829787234	0.05673758865248227	0.02127659574468085	0.03546099290780142
VFG050610(gb|WP_000477147.1)	0.023391812865497075	0.023391812865497075	0.04093567251461988	0.04093567251461988	0.04678362573099415	0.04093567251461988	0.04678362573099415	0.10526315789473684	0.07017543859649122	0.11695906432748537	0.029239766081871343	0.08187134502923976	0.029239766081871343	0.04678362573099415	0.029239766081871343	0.08771929824561403	0.04093567251461988	0.06432748538011696	0.005847953216374269	0.029239766081871343
